/home/max/anaconda/bin/python2.7 /home/max/PycharmProjects/TravelingSalesman_GeneticAlgorithm/exercise_3_maindemo.py
00	0	0	0.0
01	0	1	3.44818792991
02	0	2	4.7539457296
03	0	3	6.52908109921
04	0	4	5.20618862509
05	0	5	5.59750837427
06	0	6	6.63853146411
07	0	7	5.90528576785
08	0	8	6.39531078213
09	0	9	4.51775386669
010	0	10	1.55241746963
011	0	11	1.5
012	0	12	3.5714002856
013	0	13	3.86005181312
014	0	14	6.64172417374
015	0	15	6.19838688692
016	0	16	6.2565485693
017	0	17	6.45600495663
018	0	18	4.79613385968
019	0	19	5.68585085981
020	0	20	6.02162768693
021	0	21	5.71160222705
022	0	22	5.65286652947
023	0	23	4.88773976394
024	0	24	7.4312919469
025	0	25	7.00174264023
026	0	26	6.27025517822
027	0	27	2.81602556807
028	0	28	1.74642491966
029	0	29	3.67151195014
030	0	30	6.85583692922
031	0	31	1.78044938148
032	0	32	1.74642491966
033	0	33	7.13179500547
034	0	34	6.53326870716
035	0	35	2.99666481275
036	0	36	2.80178514522
037	0	37	1.92093727123
038	0	38	5.62597547097
039	0	39	4.00404795176
040	0	40	5.96201308284
041	0	41	5.57314991724
042	0	42	7.13855027299
043	0	43	6.53326870716
044	0	44	5.76451212159
045	0	45	5.25856444289
046	0	46	6.17155571959
047	0	47	5.12524145773
048	0	48	6.4858384192
049	0	49	0.316227766017
050	0	50	6.39512314189
051	0	51	6.73662378347
052	0	52	5.55536677457
053	0	53	4.62964361479
054	0	54	5.38568472898
055	0	55	3.7
056	0	56	4.31040601336
057	0	57	4.24852915725
058	0	58	5.28194093114
059	0	59	5.31096977962
060	0	60	5.1264900273
061	0	61	2.60192236625
062	0	62	3.52482623685
063	0	63	5.9111843145
064	0	64	6.1759290799
065	0	65	6.44801519849
066	0	66	3.92045915678
067	0	67	5.79120885481
068	0	68	4.82476942454
069	0	69	6.26834108836
070	0	70	6.10982814816
071	0	71	7.23387171575
072	0	72	2.40831891576
073	0	73	6.35472265327
074	0	74	3.70135110466
075	0	75	6.74036349168
076	0	76	5.5564467063
077	0	77	3.37379608157
078	0	78	1.28062484749
079	0	79	3.02654919008
080	0	80	6.35708266424
081	0	81	2.1400934559
082	0	82	6.06066003006
083	0	83	4.96637694904
084	0	84	2.19544984001
085	0	85	5.74668600151
086	0	86	1.96977156036
087	0	87	7.01898140758
088	0	88	5.50276294238
089	0	89	6.56067831859
090	0	90	4.4603138903
091	0	91	5.82903079422
092	0	92	5.00320897025
093	0	93	5.46370753244
094	0	94	5.84964956215
095	0	95	6.24519014923
096	0	96	1.30384048104
097	0	97	6.40834612049
098	0	98	6.37397834951
099	0	99	4.41021541424
10	1	0	3.44818792991
11	1	1	0.0
12	1	2	5.60446250768
13	1	3	3.99260566548
14	1	4	3.64724553602
15	1	5	4.86786400796
16	1	6	3.94893656571
17	1	7	3.21720375482
18	1	8	3.66196668472
19	1	9	1.29077496102
110	1	10	4.46542271235
111	1	11	3.25576411922
112	1	12	1.13265175584
113	1	13	4.2201895692
114	1	14	3.86943148279
115	1	15	3.5
116	1	16	3.63901085461
117	1	17	4.03112887415
118	1	18	2.10021427478
119	1	19	4.28262769804
120	1	20	4.7759815745
121	1	21	2.86782147283
122	1	22	3.92210402718
123	1	23	5.26117857519
124	1	24	4.80916832727
125	1	25	4.25516157155
126	1	26	3.51455544842
127	1	27	1.39283882772
128	1	28	3.96232255123
129	1	29	0.80622577483
130	1	30	4.09176001251
131	1	31	2.8319604517
132	1	32	2.12602916255
133	1	33	5.9985414894
134	1	34	3.77751240898
135	1	35	0.67082039325
136	1	36	2.78567765544
137	1	37	2.15870331449
138	1	38	3.90865705838
139	1	39	2.26061938415
140	1	40	3.36029760587
141	1	41	2.90688837075
142	1	42	5.26031367886
143	1	43	3.77751240898
144	1	44	4.38675278538
145	1	45	2.34360832905
146	1	46	3.43279769284
147	1	47	1.83414830371
148	1	48	3.91281228786
149	1	49	3.19530906173
150	1	50	3.79520750421
151	1	51	4.03064510966
152	1	52	4.30419562752
153	1	53	2.19718001083
154	1	54	3.94202993393
155	1	55	4.96588360717
156	1	56	3.70048645451
157	1	57	5.0
158	1	58	5.10008823453
159	1	59	4.46860157096
160	1	60	3.61564655352
161	1	61	1.30384048104
162	1	62	2.00159936051
163	1	63	4.87914951605
164	1	64	3.39206426826
165	1	65	3.66400054585
166	1	66	4.19761837236
167	1	67	5.16082357769
168	1	68	1.42
169	1	69	3.69541607942
170	1	70	4.0
171	1	71	5.07906487456
172	1	72	3.00166620396
173	1	73	3.85778433819
174	1	74	4.02616442784
175	1	75	3.95379564469
176	1	76	3.35411687334
177	1	77	1.40089257261
178	1	78	4.66154480832
179	1	79	1.43178210633
180	1	80	4.67680446459
181	1	81	3.36005952328
182	1	82	3.38904116233
183	1	83	2.28405341444
184	1	84	1.40356688476
185	1	85	3.19724881734
186	1	86	3.75366487582
187	1	87	4.42832925605
188	1	88	4.8479273922
189	1	89	3.84219989069
190	1	90	1.33281656652
191	1	91	5.087592751
192	1	92	3.57044815114
193	1	93	4.67077081433
194	1	94	3.12416388815
195	1	95	3.45027535133
196	1	96	2.78028775489
197	1	97	5.95809533324
198	1	98	3.688034707
199	1	99	1.70293863659
20	2	0	4.7539457296
21	2	1	5.60446250768
22	2	2	0.0
23	2	3	5.32549528213
24	2	4	3.45722432017
25	2	5	2.38665037238
26	2	6	5.63862571909
27	2	7	5.26501661916
28	2	8	5.58032257132
29	2	9	5.58982110626
210	2	10	3.64005494464
211	2	11	3.32415402772
212	2	12	4.65004301055
213	2	13	1.39283882772
214	2	14	5.78381362079
215	2	15	5.42033209315
216	2	16	5.31717970356
217	2	17	5.11077293567
218	2	18	4.90213218916
219	2	19	3.33779867577
220	2	20	3.22800247831
221	2	21	5.43087469935
222	2	22	3.78191750307
223	2	23	0.728010988928
224	2	24	6.00234120989
225	2	25	5.9511679526
226	2	26	5.55266602633
227	2	27	4.2201895692
228	2	28	3.04138126515
229	2	29	6.35609943283
230	2	30	5.89427688525
231	2	31	3.32415402772
232	2	32	4.00124980475
233	2	33	3.65547534529
234	2	34	5.69382121251
235	2	35	5.7706152185
236	2	36	2.84429253067
237	2	37	5.93043000127
238	2	38	3.75600851969
239	2	39	3.78423043696
240	2	40	5.15379471846
241	2	41	5.0931326313
242	2	42	4.66164134185
243	2	43	5.69382121251
244	2	44	3.32469547478
245	2	45	5.35840461332
246	2	46	5.4739473874
247	2	47	5.98532371723
248	2	48	5.36191197242
249	2	49	4.55411901469
250	2	50	5.35850725482
251	2	51	5.7224208164
252	2	52	3.09614276157
253	2	53	4.53625396114
254	2	54	3.32710084007
255	2	55	1.08166538264
256	2	56	2.30729278593
257	2	57	0.60827625303
258	2	58	1.55913437522
259	2	59	2.48965861114
260	2	60	3.38421335025
261	2	61	4.37378554573
262	2	62	3.74918657845
263	2	63	2.89587637858
264	2	64	5.55212571904
265	2	65	5.6960424858
266	2	66	1.43178210633
267	2	67	2.309567059
268	2	68	6.13892498732
269	2	69	5.25129507836
270	2	70	4.47772263545
271	2	71	5.12609988198
272	2	72	2.8
273	2	73	5.17324849587
274	2	74	1.58113883008
275	2	75	5.86621683882
276	2	76	4.41249362606
277	2	77	4.28981351576
278	2	78	4.5607017004
279	2	79	4.17612260356
280	2	80	3.96894192449
281	2	81	2.74590604355
282	2	82	5.30995291881
283	2	83	4.92309861774
284	2	84	5.50090901579
285	2	85	4.98321181569
286	2	86	2.78567765544
287	2	87	5.69123009551
288	2	88	2.26106169752
289	2	89	5.64468776816
290	2	90	6.92
291	2	91	2.47256951368
292	2	92	3.27232333366
293	2	93	2.44460630777
294	2	94	5.30003773571
295	2	95	5.60663892185
296	2	96	3.76563407675
297	2	97	2.38304427151
298	2	98	5.48922581062
299	2	99	4.85489443758
30	3	0	6.52908109921
31	3	1	3.99260566548
32	3	2	5.32549528213
33	3	3	0.0
34	3	4	1.88788241159
35	3	5	3.12544396846
36	3	6	0.349857113691
37	3	7	0.787464284904
38	3	8	0.500899191455
39	3	9	2.79206017127
310	3	10	6.73074290105
311	3	11	5.44471303192
312	3	12	3.14127362705
313	3	13	4.30010464989
314	3	14	0.54626001135
315	3	15	0.550363516233
316	3	16	0.366196668472
317	3	17	0.238537208838
318	3	18	1.90882162603
319	3	19	2.05182845287
320	3	20	2.37800336417
321	3	21	1.19268604419
322	3	22	1.54841854807
323	3	23	4.6291359885
324	3	24	0.902441133814
325	3	25	0.626498204307
326	3	26	0.61611687203
327	3	27	3.76176820126
328	3	28	5.93084311038
329	3	29	4.62135261585
330	3	30	0.58
331	3	31	4.95529010251
332	3	32	4.78298024248
333	3	33	3.12640368475
334	3	34	0.511957029447
335	3	35	4.64617046609
336	3	36	4.03
337	3	37	5.99390523782
338	3	38	1.57292720747
339	3	39	2.54167267759
340	3	40	0.632534584035
341	3	41	1.08577161503
342	3	42	1.7
343	3	43	0.511957029447
344	3	44	2.10021427478
345	3	45	1.69008875507
346	3	46	0.646219776856
347	3	47	2.52539105883
348	3	48	0.101980390272
349	3	49	6.21376697342
350	3	50	0.219317121995
351	3	51	0.410365690574
352	3	52	2.28219192883
353	3	53	1.94239542833
354	3	54	1.99972498109
355	3	55	5.47054841858
356	3	56	3.16715961076
357	3	57	4.94620056205
358	3	58	3.90512483795
359	3	59	2.88140590684
360	3	60	1.96977156036
361	3	61	4.02031093325
362	3	62	3.0103986447
363	3	63	2.71447969232
364	3	64	0.733757453114
365	3	65	0.601331855135
366	3	66	4.206530637
367	3	67	3.35672459401
368	3	68	3.05812033772
369	3	69	0.297321374946
370	3	70	0.87
371	3	71	1.24723694621
372	3	72	4.53
373	3	73	0.18
374	3	74	4.23448934347
375	3	75	0.593632883186
376	3	76	1.04479663093
377	3	77	3.21253793752
378	3	78	7.37352697154
379	3	79	3.53961862352
380	3	80	1.69068033643
381	3	81	5.03099393758
382	3	82	0.622012861603
383	3	83	1.72046505341
384	3	84	5.18795720877
385	3	85	0.814923309275
386	3	86	5.53361545466
387	3	87	0.490306026885
388	3	88	3.21908372056
389	3	89	0.417612260356
390	3	90	4.52133829745
391	3	91	3.18246759606
392	3	92	2.09847563722
393	3	93	2.98804283771
394	3	94	0.890224690738
395	3	95	0.715891053164
396	3	96	5.30687290219
397	3	97	3.96610640301
398	3	98	0.406078810085
399	3	99	2.32699376879
40	4	0	5.20618862509
41	4	1	3.64724553602
42	4	2	3.45722432017
43	4	3	1.88788241159
44	4	4	0.0
45	4	5	1.49
46	4	6	2.18680131699
47	4	7	1.84390889146
48	4	8	2.12424104094
49	4	9	2.90291233075
410	4	10	5.10003921554
411	4	11	3.90875939398
412	4	12	2.52833937595
413	4	13	2.42330353031
414	4	14	2.32699376879
415	4	15	1.96987309236
416	4	16	1.86010752377
417	4	17	1.69008875507
418	4	18	1.90591185525
419	4	19	0.635688603013
420	4	20	1.13507708989
421	4	21	2.08892316757
422	4	22	0.460977222865
423	4	23	2.78107892732
424	4	24	2.65858985178
425	4	25	2.5134836383
426	4	26	2.10354462753
427	4	27	2.77892065378
428	4	28	4.27766291332
429	4	29	4.43355387923
430	4	30	2.44476992783
431	4	31	3.47252069828
432	4	32	3.53926546052
433	4	33	2.35136130784
434	4	34	2.23660456943
435	4	35	4.16850092959
436	4	36	2.45405786403
437	4	37	5.18713793917
438	4	38	0.431740662898
439	4	39	1.44222051019
440	4	40	1.71125684805
441	4	41	1.73908021667
442	4	42	1.93238194982
443	4	43	2.23660456943
444	4	44	0.74
445	4	45	2.19246436687
446	4	46	2.03
447	4	47	3.03659348613
448	4	48	1.91470624379
449	4	49	4.89411891968
450	4	50	1.90378570223
451	4	51	2.27378539005
452	4	52	0.700071424927
453	4	53	1.60112460477
454	4	54	0.302654919008
455	4	55	3.59254784241
456	4	56	1.2952219887
457	4	57	3.0591502088
458	4	58	2.13403373919
459	4	59	1.13648581161
460	4	60	0.09
461	4	61	3.06111090946
462	4	62	1.87018715641
463	4	63	1.30003846097
464	4	64	2.11426110024
465	4	65	2.2410934831
466	4	66	2.32774569058
467	4	67	1.78070210872
468	4	68	3.40147027034
469	4	69	1.79446370819
470	4	70	1.09836241742
471	4	71	2.08865985742
472	4	72	2.93127958407
473	4	73	1.72652830848
474	4	74	2.37326778936
475	4	75	2.41058084287
476	4	76	0.968968523741
477	4	77	2.36915596785
478	4	78	5.84332097356
479	4	79	2.5737909783
480	4	80	1.16400171821
481	4	81	3.39299277924
482	4	82	1.86697616482
483	4	83	1.82649938407
484	4	84	4.43265157665
485	4	85	1.56204993518
486	4	86	3.86683332974
487	4	87	2.29915201759
488	4	88	1.53935051239
489	4	89	2.18835554698
490	4	90	4.65914155183
491	4	91	1.64450600485
492	4	92	0.23
493	4	93	1.30387882873
494	4	94	1.89620673978
495	4	95	2.16416265562
496	4	96	3.90901522125
497	4	97	2.54756746721
498	4	98	2.03214172734
499	4	99	2.11149236324
50	5	0	5.59750837427
51	5	1	4.86786400796
52	5	2	2.38665037238
53	5	3	3.12544396846
54	5	4	1.49
55	5	5	0.0
56	5	6	3.46554469023
57	5	7	3.28086878738
58	5	8	3.47650686753
59	5	9	4.31675804279
510	5	10	5.06261789986
511	5	11	4.13087157873
512	5	12	3.73919777492
513	5	13	1.94064422293
514	5	14	3.63917573085
515	5	15	3.35411687334
516	5	16	3.20781857342
517	5	17	2.89276684162
518	5	18	3.36535287897
519	5	19	1.07628992377
520	5	20	0.845044377533
521	5	21	3.56439335652
522	5	22	1.61604455384
523	5	23	1.65894544817
524	5	24	3.68917334914
525	5	25	3.73134024179
526	5	26	3.48803669705
527	5	27	3.73712456308
528	5	28	4.263109194
529	5	29	5.67345573703
530	5	30	3.70534748708
531	5	31	3.8254542214
532	5	32	4.16750524895
533	5	33	1.56064089399
534	5	34	3.56635668435
535	5	35	5.29132308596
536	5	36	2.84887697172
537	5	37	6.04632946506
538	5	38	1.59840545545
539	5	39	2.61612308579
540	5	40	3.12296333632
541	5	41	3.21591355605
542	5	42	2.27560980838
543	5	43	3.56635668435
544	5	44	1.02591422643
545	5	45	3.68097813088
546	5	46	3.42934396058
547	5	47	4.50781543544
548	5	48	3.18276609257
549	5	49	5.31094153611
550	5	50	3.20887830869
551	5	51	3.53553390593
552	5	52	0.860232526704
553	5	53	3.03356226242
554	5	54	1.22983738762
555	5	55	2.92542304633
556	5	56	1.33135269557
557	5	57	2.21
558	5	58	0.835703296631
559	5	59	0.401123422403
560	5	60	1.46164291125
561	5	61	3.99626075225
562	5	62	2.89359637821
563	5	63	0.509901951359
564	5	64	3.52278299076
565	5	65	3.59827736563
566	5	66	1.84772833501
567	5	67	0.300665927567
568	5	68	4.83860517091
569	5	69	3.12409987036
570	5	70	2.25568171514
571	5	71	2.74838134181
572	5	72	3.19
573	5	73	3.00026665482
574	5	74	2.02141039871
575	5	75	3.70696641474
576	5	76	2.4088171371
577	5	77	3.48390585407
578	5	78	5.92554638831
579	5	79	3.57660453503
580	5	80	1.60112460477
581	5	81	3.50800513113
582	5	82	3.27299556981
583	5	83	3.30339219591
584	5	84	5.37532324609
585	5	85	3.00667590538
586	5	86	3.8673117278
587	5	87	3.4205262753
588	5	88	0.13
589	5	89	3.49794225224
590	5	90	6.00440671507
591	5	91	0.238537208838
592	5	92	1.42772546381
593	5	93	0.2
594	5	94	3.34647575817
595	5	95	3.56299031714
596	5	96	4.3208911118
597	5	97	1.10018180316
598	5	98	3.37379608157
599	5	99	3.51199373576
60	6	0	6.63853146411
61	6	1	3.94893656571
62	6	2	5.63862571909
63	6	3	0.349857113691
64	6	4	2.18680131699
65	6	5	3.46554469023
66	6	6	0.0
67	6	7	0.752396172239
68	6	8	0.29
69	6	9	2.70562377281
610	6	10	6.91289375009
611	6	11	5.61089119481
612	6	12	3.17546846938
613	6	13	4.57865700834
614	6	14	0.203960780544
615	6	15	0.456179789118
616	6	16	0.39
617	6	17	0.588302643203
618	6	18	1.91509790872
619	6	19	2.39006276068
620	6	20	2.72618781451
621	6	21	1.08577161503
622	6	22	1.87445992222
623	6	23	4.94874731624
624	6	24	0.860232526704
625	6	25	0.37
626	6	26	0.438634243989
627	6	27	3.8424080991
628	6	28	6.12307929068
629	6	29	4.53498621828
630	6	30	0.26
631	6	31	5.11391239659
632	6	32	4.89347524772
633	6	33	3.46606405019
634	6	34	0.211896201004
635	6	35	4.61260230239
636	6	36	4.22067530142
637	6	37	6.00300757954
638	6	38	1.8976037521
639	6	39	2.69185809433
640	6	40	0.677421582178
641	6	41	1.08632407688
642	6	42	2.0080836636
643	6	43	0.211896201004
644	6	44	2.44182308941
645	6	45	1.60860187741
646	6	46	0.516139516023
647	6	47	2.37200337268
648	6	48	0.282842712475
649	6	49	6.32487944549
650	6	50	0.287923600978
651	6	51	0.1
652	6	52	2.61725046566
653	6	53	2.01308221392
654	6	54	2.32002155162
655	6	55	5.74770388938
656	6	56	3.44710023063
657	6	57	5.24424446417
658	6	58	4.23702725977
659	6	59	3.21168180242
660	6	60	2.26503863102
661	6	61	4.09
662	6	62	3.14434412875
663	6	63	3.061045573
664	6	64	0.565685424949
665	6	65	0.331058907145
666	6	66	4.48688087651
667	6	67	3.70086476381
668	6	68	2.91446393013
669	6	69	0.412310562562
670	6	70	1.21082616424
671	6	71	1.50850919785
672	6	72	4.71954446954
673	6	73	0.468614980554
674	6	74	4.50378729516
675	6	75	0.244131112315
676	6	76	1.28390030766
677	6	77	3.28566583815
678	6	78	7.52662607016
679	6	79	3.62354798506
680	6	80	2.04
681	6	81	5.2253325253
682	6	82	0.585234995536
683	6	83	1.72812036618
684	6	84	5.19731661533
685	6	85	0.895600357302
686	6	86	5.73184961422
687	6	87	0.5
688	6	88	3.55681036886
689	6	89	0.116619037897
690	6	90	4.37800182732
691	6	91	3.52744950354
692	6	92	2.3883885781
693	6	93	3.32415402772
694	6	94	0.832406150866
695	6	95	0.518555686499
696	6	96	5.44317003225
697	6	97	4.31559961071
698	6	98	0.269258240357
699	6	99	2.33497323325
70	7	0	5.90528576785
71	7	1	3.21720375482
72	7	2	5.26501661916
73	7	3	0.787464284904
74	7	4	1.84390889146
75	7	5	3.28086878738
76	7	6	0.752396172239
77	7	7	0.0
78	7	8	0.490306026885
79	7	9	2.00471943174
710	7	10	6.24006410223
711	7	11	4.92406336271
712	7	12	2.42332416321
713	7	13	4.0988291011
714	7	14	0.736817480792
715	7	15	0.297321374946
716	7	16	0.424264068712
717	7	17	0.885663593019
718	7	18	1.16297033496
719	7	19	2.23161376587
720	7	20	2.66390690528
721	7	21	0.423792402008
722	7	22	1.67705098312
723	7	23	4.61111700133
724	7	24	1.60377679245
725	7	25	1.10163514831
726	7	26	0.37
727	7	27	3.10006451546
728	7	28	5.46501601096
729	7	29	3.83463166419
730	7	30	0.951262319237
731	7	31	4.421131077
732	7	32	4.16346009948
733	7	33	3.61896394014
734	7	34	0.628012738724
735	7	35	3.87613209269
736	7	36	3.57077022504
737	7	37	5.2530372167
738	7	38	1.69068033643
739	7	39	2.00997512422
740	7	40	0.200997512422
741	7	41	0.335261092285
742	7	42	2.3558650216
743	7	43	0.628012738724
744	7	44	2.30902576859
745	7	45	0.902718117687
746	7	46	0.27
747	7	47	1.75866426586
748	7	48	0.700071424927
749	7	49	5.59288834146
750	7	50	0.58
751	7	51	0.845044377533
752	7	52	2.42365426577
753	7	53	1.27577427471
754	7	54	2.05805733642
755	7	55	5.2530372167
756	7	56	2.9902508256
757	7	57	4.81730214954
758	7	58	3.97619164528
759	7	59	2.96438863849
760	7	60	1.90370691021
761	7	61	3.34341143146
762	7	62	2.44
763	7	63	2.95873283687
764	7	64	0.306757233004
765	7	65	0.55
766	7	66	4.01327796197
767	7	67	3.55005633758
768	7	68	2.2825424421
769	7	69	0.494064773081
770	7	70	1.20598507453
771	7	71	1.99060292374
772	7	72	4.06452949307
773	7	73	0.684762732631
774	7	74	4.00004999969
775	7	75	0.836002392341
776	7	76	0.87800911157
777	7	77	2.54183004939
778	7	78	6.8229319211
779	7	79	2.88312330642
780	7	80	2.11728599863
781	7	81	4.57388237715
782	7	82	0.172046505341
783	7	83	0.97575611707
784	7	84	4.4470664488
785	7	85	0.282842712475
786	7	86	5.08334535518
787	7	87	1.2124768039
788	7	88	3.35046265462
789	7	89	0.660984114786
790	7	90	3.74213842609
791	7	91	3.39063415897
792	7	92	2.00122462507
793	7	93	3.11192866242
794	7	94	0.107703296143
795	7	95	0.373630833845
796	7	96	4.72952428897
797	7	97	4.25042350831
798	7	98	0.483321838944
799	7	99	1.58316139417
80	8	0	6.39531078213
81	8	1	3.66196668472
82	8	2	5.58032257132
83	8	3	0.500899191455
84	8	4	2.12424104094
85	8	5	3.47650686753
86	8	6	0.29
87	8	7	0.490306026885
88	8	8	0.0
89	8	9	2.41580214422
810	8	10	6.71192967782
811	8	11	5.40092584656
812	8	12	2.90738714312
813	8	13	4.472135955
814	8	14	0.25
815	8	15	0.2
816	8	16	0.269072480941
817	8	17	0.707106781187
818	8	18	1.64344151098
819	8	19	2.40226976004
820	8	20	2.77848879789
821	8	21	0.79649231007
822	8	22	1.86357183924
823	8	23	4.9040799341
824	8	24	1.14808536268
825	8	25	0.613514466007
826	8	26	0.148660687473
827	8	27	3.5902646142
828	8	28	5.93043000127
829	8	29	4.24499705536
830	8	30	0.460977222865
831	8	31	4.9
832	8	32	4.65295604965
833	8	33	3.60173569269
834	8	34	0.14
835	8	35	4.32666153056
836	8	36	4.03112887415
837	8	37	5.72450871254
838	8	38	1.88350736659
839	8	39	2.48201531019
840	8	40	0.470744091838
841	8	41	0.824621125124
842	8	42	2.20020453595
843	8	43	0.14
844	8	44	2.46446748812
845	8	45	1.32003787824
846	8	46	0.232594066992
847	8	47	2.08664802974
848	8	48	0.400124980475
849	8	49	6.0827625303
850	8	50	0.305941170816
851	8	51	0.368917334914
852	8	52	2.61841555144
853	8	53	1.76567267635
854	8	54	2.29120055866
855	8	55	5.63648826842
856	8	56	3.3471779158
857	8	57	5.16236379966
858	8	58	4.22148078285
859	8	59	3.19662321834
860	8	60	2.1961101976
861	8	61	3.83275357935
862	8	62	2.92171182699
863	8	63	3.10098371489
864	8	64	0.275862284483
865	8	65	0.122065556157
866	8	66	4.38292140016
867	8	67	3.72613741024
868	8	68	2.62800304414
869	8	69	0.355105618091
870	8	70	1.25299640861
871	8	71	1.73979883895
872	8	72	4.52769256907
873	8	73	0.522015325446
874	8	74	4.38634243989
875	8	75	0.35
876	8	76	1.1747765745
877	8	77	3.03191358716
878	8	78	7.30616178304
879	8	79	3.37342555869
880	8	80	2.13600093633
881	8	81	5.03587132481
882	8	82	0.34
883	8	83	1.45838952273
884	8	84	4.9193495505
885	8	85	0.687313611098
886	8	86	5.54436651025
887	8	87	0.787464284904
888	8	88	3.55983145668
889	8	89	0.180277563773
890	8	90	4.0922365523
891	8	91	3.55718990216
892	8	92	2.31043285988
893	8	93	3.32356736053
894	8	94	0.557135531087
895	8	95	0.233238075794
896	8	96	5.21536192416
897	8	97	4.37594561209
898	8	98	0.107703296143
899	8	99	2.06155281281
90	9	0	4.51775386669
91	9	1	1.29077496102
92	9	2	5.58982110626
93	9	3	2.79206017127
94	9	4	2.90291233075
95	9	5	4.31675804279
96	9	6	2.70562377281
97	9	7	2.00471943174
98	9	8	2.41580214422
99	9	9	0.0
910	9	10	5.28319032404
911	9	11	3.97216565616
912	9	12	1.09836241742
913	9	13	4.21379876121
914	9	14	2.60837113924
915	9	15	2.26982378171
916	9	16	2.42835335155
917	9	17	2.86602512201
918	9	18	1.03846039886
919	9	19	3.51647550823
920	9	20	4.02095759739
921	9	21	1.62052460642
922	9	22	3.05555232323
923	9	23	5.10392985845
924	9	24	3.56207804519
925	9	25	2.99200601604
926	9	26	2.26715680975
927	9	27	1.86978608402
928	9	28	4.64414685384
929	9	29	1.83142021393
930	9	30	2.82800282885
931	9	31	3.47966952454
932	9	32	2.93156954548
933	9	33	5.18956645588
934	9	34	2.52239965113
935	9	35	1.96063765138
936	9	36	3.03415556622
937	9	37	3.43861890881
938	9	38	3.05
939	9	39	1.82726571686
940	9	40	2.17082933461
941	9	41	1.72629661414
942	9	42	4.22203742286
943	9	43	2.52239965113
944	9	44	3.61896394014
945	9	45	1.10344913793
946	9	46	2.19317121995
947	9	47	0.60827625303
948	9	48	2.70414496653
949	9	49	4.23274142844
950	9	50	2.58311827062
951	9	51	2.78107892732
952	9	52	3.60199944475
953	9	53	1.30188325129
954	9	54	3.20451244341
955	9	55	5.17919877973
956	9	56	3.39365584584
957	9	57	5.01977091111
958	9	58	4.74400674536
959	9	59	3.92149206298
960	9	60	2.90027584895
961	9	61	1.98295234436
962	9	62	1.86603858481
963	9	63	4.201713936
964	9	64	2.14112120161
965	9	65	2.40507796131
966	9	66	4.16270344848
967	9	67	4.61735855225
968	9	68	0.550363516233
969	9	69	2.49687805069
970	9	70	2.95873283687
971	9	71	3.95504740806
972	9	72	3.41263827559
973	9	73	2.67686383666
974	9	74	4.04426754802
975	9	75	2.68804761863
976	9	76	2.34093998214
977	9	77	1.45244621243
978	9	78	5.64181708317
979	9	79	1.74071824257
980	9	80	3.75281227881
981	9	81	3.87506128984
982	9	82	2.17276321766
983	9	83	1.18473625757
984	9	84	2.65858985178
985	9	85	2.04129860628
986	9	86	4.34811453391
987	9	87	3.19724881734
988	9	88	4.33013856591
989	9	89	2.59453271323
990	9	90	1.80612845612
991	9	91	4.50693909433
992	9	92	2.90172362571
993	9	93	4.11757210016
994	9	94	1.90370691021
995	9	95	2.19456145961
996	9	96	3.59612291225
997	9	97	5.41198669621
998	9	98	2.454159734
999	9	99	0.805046582503
100	10	0	1.55241746963
101	10	1	4.46542271235
102	10	2	3.64005494464
103	10	3	6.73074290105
104	10	4	5.10003921554
105	10	5	5.06261789986
106	10	6	6.91289375009
107	10	7	6.24006410223
108	10	8	6.71192967782
109	10	9	5.28319032404
1010	10	10	0.0
1011	10	11	1.33416640641
1012	10	12	4.20961993534
1013	10	13	3.1384709653
1014	10	14	6.96150127487
1015	10	15	6.51229606207
1016	10	16	6.52306676342
1017	10	17	6.60681466366
1018	10	18	5.26582377221
1019	10	19	5.44085471227
1020	10	20	5.66480361531
1021	10	21	6.14625088977
1022	10	22	5.56065643607
1023	10	23	3.96232255123
1024	10	24	7.61591097637
1025	10	25	7.28274673458
1026	10	26	6.60894091364
1027	10	27	3.41760149813
1028	10	28	0.824621125124
1029	10	29	4.88364617883
1030	10	30	7.15629093875
1031	10	31	1.84390889146
1032	10	32	2.37065391823
1033	10	33	6.62061175421
1034	10	34	6.85168592392
1035	10	35	4.17731971484
1036	10	36	2.70185121722
1037	10	37	3.4
1038	10	38	5.5311481629
1039	10	39	4.23065006825
1040	10	40	6.2472073761
1041	10	41	5.93043000127
1042	10	42	6.96655582049
1043	10	43	6.85168592392
1044	10	44	5.49796325924
1045	10	45	5.77602804702
1046	10	46	6.50923190553
1047	10	47	5.87793331027
1048	10	48	6.71
1049	10	49	1.56524758425
1050	10	50	6.64075296936
1051	10	51	7.01285248668
1052	10	52	5.25928702392
1053	10	53	5.00915162478
1054	10	54	5.20034614233
1055	10	55	2.56124969497
1056	10	56	3.94684684273
1057	10	57	3.25269119346
1058	10	58	4.54674608924
1059	10	59	4.86625112381
1060	10	60	5.01147682824
1061	10	61	3.31058907145
1062	10	62	3.8129253861
1063	10	63	5.47175474597
1064	10	64	6.53759129955
1065	10	65	6.7884387012
1066	10	66	3.22490309932
1067	10	67	5.18845834521
1068	10	68	5.69775394344
1069	10	69	6.51076800385
1070	10	70	6.1400325732
1071	10	71	7.188525579
1072	10	72	2.20227155455
1073	10	73	6.5507633143
1074	10	74	3.04138126515
1075	10	75	7.06133840005
1076	10	76	5.6935138535
1077	10	77	3.90800460593
1078	10	78	0.921954445729
1079	10	79	3.57351367704
1080	10	80	6.16137160054
1081	10	81	1.71172427686
1082	10	82	6.37256620209
1083	10	83	5.40545095251
1084	10	84	3.47131099154
1085	10	85	6.02747044787
1086	10	86	1.23693168769
1087	10	87	7.2127733917
1088	10	88	4.94716080191
1089	10	89	6.85656619599
1090	10	90	5.65759666289
1091	10	91	5.27063563529
1092	10	92	4.87381780538
1093	10	93	4.9749472359
1094	10	94	6.20905789955
1095	10	95	6.60729899429
1096	10	96	1.7
1097	10	97	5.66400035311
1098	10	98	6.66675333277
1099	10	99	4.94772675074
110	11	0	1.5
111	11	1	3.25576411922
112	11	2	3.32415402772
113	11	3	5.44471303192
114	11	4	3.90875939398
115	11	5	4.13087157873
116	11	6	5.61089119481
117	11	7	4.92406336271
118	11	8	5.40092584656
119	11	9	3.97216565616
1110	11	10	1.33416640641
1111	11	11	0.0
1112	11	12	2.88771535993
1113	11	13	2.36008474424
1114	11	14	5.65088488646
1115	11	15	5.20096144958
1116	11	16	5.22095776654
1117	11	17	5.33385414124
1118	11	18	3.93279798617
1119	11	19	4.32260338222
1120	11	20	4.61410879802
1121	11	21	4.81750973014
1122	11	22	4.3679400179
1123	11	23	3.4
1124	11	24	6.33846195855
1125	11	25	5.98083606196
1126	11	26	5.29377936828
1127	11	27	2.10237960416
1128	11	28	0.707106781187
1129	11	29	3.78021163429
1130	11	30	5.85
1131	11	31	0.509901951359
1132	11	32	1.1313708499
1133	11	33	5.68000880281
1134	11	34	5.54090245357
1135	11	35	3.08058436015
1136	11	36	1.45602197786
1137	11	37	2.71661554144
1138	11	38	4.3393087007
1139	11	39	2.92
1140	11	40	4.94
1141	11	41	4.60977222865
1142	11	42	5.8219326688
1143	11	43	5.54090245357
1144	11	44	4.3922203952
1145	11	45	4.44212786849
1146	11	46	5.19385213498
1147	11	47	4.56027411457
1148	11	48	5.41831154512
1149	11	49	1.25299640861
1150	11	50	5.34374400584
1151	11	51	5.71087558961
1152	11	52	4.16822504191
1153	11	53	3.68179304144
1154	11	54	4.04816007589
1155	11	55	2.31948270095
1156	11	56	2.88124972885
1157	11	57	2.78567765544
1158	11	58	3.78350366724
1159	11	59	3.86683332974
1160	11	60	3.82320546139
1161	11	61	2.02484567313
1162	11	62	2.48805144641
1163	11	63	4.47371210518
1164	11	64	5.21863008844
1165	11	65	5.47365508595
1166	11	66	2.42074368738
1167	11	67	4.31115993672
1168	11	68	4.40821959526
1169	11	69	5.21383735841
1170	11	70	4.90306026885
1171	11	71	5.98772911879
1172	11	72	0.98488578018
1173	11	73	5.26521604495
1174	11	74	2.20227155455
1175	11	75	5.75086949948
1176	11	76	4.41838205682
1177	11	77	2.57730479377
1178	11	78	1.94164878389
1179	11	79	2.24722050542
1180	11	80	5.02319619366
1181	11	81	0.640312423743
1182	11	82	5.06098804583
1183	11	83	4.07442020415
1184	11	84	2.5079872408
1185	11	85	4.72
1186	11	86	0.60827625303
1187	11	87	5.9311128804
1188	11	88	4.03068232437
1189	11	89	5.55
1190	11	90	4.52110605936
1191	11	91	4.3583941997
1192	11	92	3.69054196562
1193	11	93	4.00800449102
1194	11	94	4.88921261554
1195	11	95	5.28851585986
1196	11	96	0.538516480713
1197	11	97	4.91150689707
1198	11	98	5.36
1199	11	99	3.61386219992
120	12	0	3.5714002856
121	12	1	1.13265175584
122	12	2	4.65004301055
123	12	3	3.14127362705
124	12	4	2.52833937595
125	12	5	3.73919777492
126	12	6	3.17546846938
127	12	7	2.42332416321
128	12	8	2.90738714312
129	12	9	1.09836241742
1210	12	10	4.20961993534
1211	12	11	2.88771535993
1212	12	12	0.0
1213	12	13	3.2577446186
1214	12	14	3.14331035693
1215	12	15	2.72045952001
1216	12	16	2.81824413421
1217	12	17	3.13159703666
1218	12	18	1.26491106407
1219	12	19	3.16189816408
1220	12	20	3.65087660706
1221	12	21	2.16843261366
1222	12	22	2.83019433962
1223	12	23	4.23732226766
1224	12	24	4.01741210234
1225	12	25	3.52080956599
1226	12	26	2.77027074489
1227	12	27	0.795550124128
1228	12	28	3.55090129404
1229	12	29	1.93569109106
1230	12	30	3.36487741233
1231	12	31	2.38933045015
1232	12	32	1.89391129676
1233	12	33	4.87692526086
1234	12	34	3.03922687537
1235	12	35	1.64830215677
1236	12	36	1.96542616244
1237	12	37	2.85952793307
1238	12	38	2.81440935189
1239	12	39	1.12805141727
1240	12	40	2.52247893946
1241	12	41	2.0892343095
1242	12	42	4.22582536317
1243	12	43	3.03922687537
1244	12	44	3.26559336109
1245	12	45	1.6918628786
1246	12	46	2.67589237452
1247	12	47	1.67343957166
1248	12	48	3.07694653837
1249	12	49	3.27
1250	12	50	2.96966328058
1251	12	51	3.26827171453
1252	12	52	3.17515353959
1253	12	53	1.2124768039
1254	12	54	2.81923748556
1255	12	55	4.14450238268
1256	12	56	2.60846698273
1257	12	57	4.059421141
1258	12	58	4.00719353164
1259	12	59	3.3391765452
1260	12	60	2.49230816714
1261	12	61	0.97
1262	12	62	0.919836942072
1263	12	63	3.74721229716
1264	12	64	2.6630058205
1265	12	65	2.94108823397
1266	12	66	3.22007763882
1267	12	67	4.03365838911
1268	12	68	1.59138304628
1269	12	69	2.85334890961
1270	12	70	2.9911369076
1271	12	71	4.11096095822
1272	12	72	2.32010775612
1273	12	73	2.98435922771
1274	12	74	3.07455687864
1275	12	75	3.23827114368
1276	12	76	2.3491274976
1277	12	77	0.372021504755
1278	12	78	4.62329968745
1279	12	79	0.644127316608
1280	12	80	3.59449579218
1281	12	81	2.77721083103
1282	12	82	2.59077208569
1283	12	83	1.44899965493
1284	12	84	2.05642894358
1285	12	85	2.32647802483
1286	12	86	3.25006153788
1287	12	87	3.61353012994
1288	12	88	3.72264690778
1289	12	89	3.08292069311
1290	12	90	2.3207972768
1291	12	91	3.9571328004
1292	12	92	2.44180261283
1293	12	93	3.54141214772
1294	12	94	2.35034040088
1295	12	95	2.72985347592
1296	12	96	2.54183004939
1297	12	97	4.83255625937
1298	12	98	2.90621747294
1299	12	99	0.85375640554
130	13	0	3.86005181312
131	13	1	4.2201895692
132	13	2	1.39283882772
133	13	3	4.30010464989
134	13	4	2.42330353031
135	13	5	1.94064422293
136	13	6	4.57865700834
137	13	7	4.0988291011
138	13	8	4.472135955
139	13	9	4.21379876121
1310	13	10	3.1384709653
1311	13	11	2.36008474424
1312	13	12	3.2577446186
1313	13	13	0.0
1314	13	14	4.69707355701
1315	13	15	4.29418211072
1316	13	16	4.22284264448
1317	13	17	4.11096095822
1318	13	18	3.58620969827
1319	13	19	2.53197551331
1320	13	20	2.63058928759
1321	13	21	4.20409324349
1322	13	22	2.83423711076
1323	13	23	1.11803398875
1324	13	24	5.07918300517
1325	13	25	4.92101615523
1326	13	26	4.42064474936
1327	13	27	2.84429253067
1328	13	28	2.36008474424
1329	13	29	4.98196748283
1330	13	30	4.83864650496
1331	13	31	2.19317121995
1332	13	32	2.76586333719
1333	13	33	3.48891100488
1334	13	34	4.597782074
1335	13	35	4.41814440687
1336	13	36	1.5
1337	13	37	4.72969343615
1338	13	38	2.8049242414
1339	13	39	2.43318721022
1340	13	40	4.01766101109
1341	13	41	3.88329756779
1342	13	42	4.03495972718
1343	13	43	4.597782074
1344	13	44	2.56
1345	13	45	4.06724722632
1346	13	46	4.33290895358
1347	13	47	4.63401553731
1348	13	48	4.31741821
1349	13	49	3.60555127546
1350	13	50	4.29110708326
1351	13	51	4.67077081433
1352	13	52	2.31
1353	13	53	3.22453097365
1354	13	54	2.39365828806
1355	13	55	1.17046999107
1356	13	56	1.13296072306
1357	13	57	0.80622577483
1358	13	58	1.43558350506
1359	13	59	1.80510387513
1360	13	60	2.33728474945
1361	13	61	3.01496268634
1362	13	62	2.3614402385
1363	13	63	2.38665037238
1364	13	64	4.39955679586
1365	13	65	4.57983624161
1366	13	66	0.1
1367	13	67	2.05039020677
1368	13	68	4.76092428001
1369	13	69	4.17206184039
1370	13	70	3.51710107901
1371	13	71	4.38028537883
1372	13	72	1.58113883008
1373	13	73	4.13188818823
1374	13	74	0.2
1375	13	75	4.78774477181
1376	13	76	3.30152994837
1377	13	77	2.89698118737
1378	13	78	4.02243707222
1379	13	79	2.7892651362
1380	13	80	3.25
1381	13	81	1.72046505341
1382	13	82	4.17080327995
1383	13	83	3.6286223281
1384	13	84	4.21900462195
1385	13	85	3.82523201911
1386	13	86	1.98494332413
1387	13	87	4.72229816932
1388	13	88	1.82
1389	13	89	4.56426335787
1390	13	90	5.53049726517
1391	13	91	2.13859767137
1392	13	92	2.20410979763
1393	13	93	1.8777912557
1394	13	94	4.11708634838
1395	13	95	4.4603138903
1396	13	96	2.683281573
1397	13	97	2.56688527208
1398	13	98	4.3922203952
1399	13	99	3.5
140	14	0	6.64172417374
141	14	1	3.86943148279
142	14	2	5.78381362079
143	14	3	0.54626001135
144	14	4	2.32699376879
145	14	5	3.63917573085
146	14	6	0.203960780544
147	14	7	0.736817480792
148	14	8	0.25
149	14	9	2.60837113924
1410	14	10	6.96150127487
1411	14	11	5.65088488646
1412	14	12	3.14331035693
1413	14	13	4.69707355701
1414	14	14	0.0
1415	14	15	0.45
1416	14	16	0.474236228055
1417	14	17	0.782623792125
1418	14	18	1.87840357751
1419	14	19	2.56288899486
1420	14	20	2.91247317584
1421	14	21	1.00344406919
1422	14	22	2.03725305252
1423	14	23	5.10024509215
1424	14	24	0.962081077664
1425	14	25	0.385875627631
1426	14	26	0.373630833845
1427	14	27	3.83438391401
1428	14	28	6.17919897721
1429	14	29	4.43085770478
1430	14	30	0.22360679775
1431	14	31	5.15
1432	14	32	4.9002550954
1433	14	33	3.66878726557
1434	14	34	0.11
1435	14	35	4.53679402221
1436	14	36	4.27931069216
1437	14	37	5.9483190903
1438	14	38	2.0591503102
1439	14	39	2.73183088788
1440	14	40	0.71700767081
1441	14	41	1.06887791632
1442	14	42	2.21097263665
1443	14	43	0.11
1444	14	44	2.61841555144
1445	14	45	1.52643375225
1446	14	46	0.470744091838
1447	14	47	2.24089267927
1448	14	48	0.466476151588
1449	14	49	6.32949445059
1450	14	50	0.431393092202
1451	14	51	0.208806130178
1452	14	52	2.78632374286
1453	14	53	2.0124860248
1454	14	54	2.47630773532
1455	14	55	5.86365926704
1456	14	56	3.56876729418
1457	14	57	5.37703449868
1458	14	58	4.40095444194
1459	14	59	3.37504074049
1460	14	60	2.40216568954
1461	14	61	4.07461654638
1462	14	62	3.17157689486
1463	14	63	3.24400986435
1464	14	64	0.483321838944
1465	14	65	0.20591260282
1466	14	66	4.6067884692
1467	14	67	3.87963915848
1468	14	68	2.78548020995
1469	14	69	0.532541078228
1470	14	70	1.39014387745
1471	14	71	1.70423003142
1472	14	72	4.77624329364
1473	14	73	0.640312423743
1474	14	74	4.61546314036
1475	14	75	0.1
1476	14	76	1.39556440195
1477	14	77	3.27566787083
1478	14	78	7.55595791412
1479	14	79	3.61835598028
1480	14	80	2.2360679775
1481	14	81	5.28417448614
1482	14	82	0.59
1483	14	83	1.6954055562
1484	14	84	5.14417145904
1485	14	85	0.935360892918
1486	14	86	5.79245198513
1487	14	87	0.653911308971
1488	14	88	3.72758635044
1489	14	89	0.141421356237
1490	14	90	4.2448674891
1491	14	91	3.70757333036
1492	14	92	2.52103153491
1493	14	93	3.4933651398
1494	14	94	0.795550124128
1495	14	95	0.420594816896
1496	14	96	5.46465918425
1497	14	97	4.50515260563
1498	14	98	0.306757233004
1499	14	99	2.29401394939
150	15	0	6.19838688692
151	15	1	3.5
152	15	2	5.42033209315
153	15	3	0.550363516233
154	15	4	1.96987309236
155	15	5	3.35411687334
156	15	6	0.456179789118
157	15	7	0.297321374946
158	15	8	0.2
159	15	9	2.26982378171
1510	15	10	6.51229606207
1511	15	11	5.20096144958
1512	15	12	2.72045952001
1513	15	13	4.29418211072
1514	15	14	0.45
1515	15	15	0.0
1516	15	16	0.200997512422
1517	15	17	0.707106781187
1518	15	18	1.45907504947
1519	15	19	2.2853664914
1520	15	20	2.683281573
1521	15	21	0.652993108693
1522	15	22	1.73807364631
1523	15	23	4.75078940809
1524	15	24	1.31228807813
1525	15	25	0.805232885568
1526	15	26	0.134536240471
1527	15	27	3.39558536927
1528	15	28	5.73149195236
1529	15	29	4.10121933088
1530	15	30	0.657647321898
1531	15	31	4.7
1532	15	32	4.45533388199
1533	15	33	3.55984550227
1534	15	34	0.34
1535	15	35	4.16173040934
1536	15	36	3.83275357935
1537	15	37	5.54707129934
1538	15	38	1.75601822314
1539	15	39	2.28219192883
1540	15	40	0.278567765544
1541	15	41	0.632455532034
1542	15	42	2.21199005423
1543	15	43	0.34
1544	15	44	2.35321057281
1545	15	45	1.16726175299
1546	15	46	0.100498756211
1547	15	47	1.97739727925
1548	15	48	0.451774279923
1549	15	49	5.88557558782
1550	15	50	0.331058907145
1551	15	51	0.547813836992
1552	15	52	2.49401283076
1553	15	53	1.5689486926
1554	15	54	2.15257984753
1555	15	55	5.45618914628
1556	15	56	3.1729481559
1557	15	57	4.99299509313
1558	15	58	4.08324625757
1559	15	59	3.06111090946
1560	15	60	2.03835718165
1561	15	61	3.64005494464
1562	15	62	2.72183761455
1563	15	63	2.99668149792
1564	15	64	0.200249843945
1565	15	65	0.287923600978
1566	15	66	4.20594816896
1567	15	67	3.61110786325
1568	15	68	2.51284699096
1569	15	69	0.300166620396
1570	15	70	1.17046999107
1571	15	71	1.79301422192
1572	15	72	4.32897216438
1573	15	73	0.502493781056
1574	15	74	4.20475920833
1575	15	75	0.55
1576	15	76	1.00801785698
1577	15	77	2.83769272473
1578	15	78	7.10633520178
1579	15	79	3.17804971641
1580	15	80	2.07424685127
1581	15	81	4.83735464898
1582	15	82	0.14
1583	15	83	1.27236001195
1584	15	84	4.74130783645
1585	15	85	0.490306026885
1586	15	86	5.34602656185
1587	15	87	0.929569792969
1588	15	88	3.4328413887
1589	15	89	0.364005494464
1590	15	90	3.9772352206
1591	15	91	3.44522858458
1592	15	92	2.14804562335
1593	15	93	3.19532470963
1594	15	94	0.377359245282
1595	15	95	0.215406592285
1596	15	96	5.01597448159
1597	15	97	4.28029204611
1598	15	98	0.188679622641
1599	15	99	1.87882942281
160	16	0	6.2565485693
161	16	1	3.63901085461
162	16	2	5.31717970356
163	16	3	0.366196668472
164	16	4	1.86010752377
165	16	5	3.20781857342
166	16	6	0.39
167	16	7	0.424264068712
168	16	8	0.269072480941
169	16	9	2.42835335155
1610	16	10	6.52306676342
1611	16	11	5.22095776654
1612	16	12	2.81824413421
1613	16	13	4.22284264448
1614	16	14	0.474236228055
1615	16	15	0.200997512422
1616	16	16	0.0
1617	16	17	0.506359556047
1618	16	18	1.56923548265
1619	16	19	2.13403373919
1620	16	20	2.51563113353
1621	16	21	0.826801064344
1622	16	22	1.59452187191
1623	16	23	4.63836177977
1624	16	24	1.19920807202
1625	16	25	0.76
1626	16	26	0.308058436015
1627	16	27	3.46733326924
1628	16	28	5.73396895701
1629	16	29	4.25868524312
1630	16	30	0.637887137353
1631	16	31	4.72423538787
1632	16	32	4.51069839382
1633	16	33	3.36732831782
1634	16	34	0.377359245282
1635	16	35	4.2960912467
1636	16	36	3.83176199678
1637	16	37	5.66095398321
1638	16	38	1.61443488565
1639	16	39	2.30217288664
1640	16	40	0.297321374946
1641	16	41	0.737834669828
1642	16	42	2.01099477871
1643	16	43	0.377359245282
1644	16	44	2.19718001083
1645	16	45	1.32548104475
1646	16	46	0.301496268634
1647	16	47	2.16122650363
1648	16	48	0.275862284483
1649	16	49	5.94242374793
1650	16	50	0.156204993518
1651	16	51	0.49
1652	16	52	2.34948930621
1653	16	53	1.63816971038
1654	16	54	2.02277037748
1655	16	55	5.3894712171
1656	16	56	3.09476978142
1657	16	57	4.90493628909
1658	16	58	3.95273323158
1659	16	59	2.9277294957
1660	16	60	1.93341666487
1661	16	61	3.71892457573
1662	16	62	2.7563744303
1663	16	63	2.83550700934
1664	16	64	0.400124980475
1665	16	65	0.390512483795
1666	16	66	4.13260208585
1667	16	67	3.45845341157
1668	16	68	2.69258240357
1669	16	69	0.100498756211
1670	16	70	0.993176721435
1671	16	71	1.59765453087
1672	16	72	4.33040413818
1673	16	73	0.301496268634
1674	16	74	4.14154560521
1675	16	75	0.566480361531
1676	16	76	0.921357693841
1677	16	77	2.91254184519
1678	16	78	7.13753458836
1679	16	79	3.24721419066
1680	16	80	1.88809427731
1681	16	81	4.83656903187
1682	16	82	0.256124969497
1683	16	83	1.38061580463
1684	16	84	4.85472965262
1685	16	85	0.509901951359
1686	16	86	5.34344458192
1687	16	87	0.797558775264
1688	16	88	3.29083576011
1689	16	89	0.344818792991
1690	16	90	4.1554301823
1691	16	91	3.29004559239
1692	16	92	2.05009755865
1693	16	93	3.05452123908
1694	16	94	0.524976189936
1695	16	95	0.404474968323
1696	16	96	5.05572942314
1697	16	97	4.11340491564
1698	16	98	0.172046505341
1699	16	99	1.98957281847
170	17	0	6.45600495663
171	17	1	4.03112887415
172	17	2	5.11077293567
173	17	3	0.238537208838
174	17	4	1.69008875507
175	17	5	2.89276684162
176	17	6	0.588302643203
177	17	7	0.885663593019
178	17	8	0.707106781187
179	17	9	2.86602512201
1710	17	10	6.60681466366
1711	17	11	5.33385414124
1712	17	12	3.13159703666
1713	17	13	4.11096095822
1714	17	14	0.782623792125
1715	17	15	0.707106781187
1716	17	16	0.506359556047
1717	17	17	0.0
1718	17	18	1.93258893715
1719	17	19	1.82123584415
1720	17	20	2.1400934559
1721	17	21	1.30782261794
1722	17	22	1.32924790765
1723	17	23	4.41021541424
1724	17	24	1.01
1725	17	25	0.84403791384
