	0	0	0.0
	0	1	3.44818792991
	0	2	4.7539457296
	0	3	6.52908109921
	0	4	5.20618862509
	0	5	5.59750837427
	0	6	6.63853146411
	0	7	5.90528576785
	0	8	6.39531078213
	0	9	4.51775386669
	0	10	1.55241746963
	0	11	1.5
	0	12	3.5714002856
	0	13	3.86005181312
	0	14	6.64172417374
	0	15	6.19838688692
	0	16	6.2565485693
	0	17	6.45600495663
	0	18	4.79613385968
	0	19	5.68585085981
	0	20	6.02162768693
	0	21	5.71160222705
	0	22	5.65286652947
	0	23	4.88773976394
	0	24	7.4312919469
	0	25	7.00174264023
	0	26	6.27025517822
	0	27	2.81602556807
	0	28	1.74642491966
	0	29	3.67151195014
	0	30	6.85583692922
	0	31	1.78044938148
	0	32	1.74642491966
	0	33	7.13179500547
	0	34	6.53326870716
	0	35	2.99666481275
	0	36	2.80178514522
	0	37	1.92093727123
	0	38	5.62597547097
	0	39	4.00404795176
	0	40	5.96201308284
	0	41	5.57314991724
	0	42	7.13855027299
	0	43	6.53326870716
	0	44	5.76451212159
	0	45	5.25856444289
	0	46	6.17155571959
	0	47	5.12524145773
	0	48	6.4858384192
	0	49	0.316227766017
	0	50	6.39512314189
	0	51	6.73662378347
	0	52	5.55536677457
	0	53	4.62964361479
	0	54	5.38568472898
	0	55	3.7
	0	56	4.31040601336
	0	57	4.24852915725
	0	58	5.28194093114
	0	59	5.31096977962
	0	60	5.1264900273
	0	61	2.60192236625
	0	62	3.52482623685
	0	63	5.9111843145
	0	64	6.1759290799
	0	65	6.44801519849
	0	66	3.92045915678
	0	67	5.79120885481
	0	68	4.82476942454
	0	69	6.26834108836
	0	70	6.10982814816
	0	71	7.23387171575
	0	72	2.40831891576
	0	73	6.35472265327
	0	74	3.70135110466
	0	75	6.74036349168
	0	76	5.5564467063
	0	77	3.37379608157
	0	78	1.28062484749
	0	79	3.02654919008
	0	80	6.35708266424
	0	81	2.1400934559
	0	82	6.06066003006
	0	83	4.96637694904
	0	84	2.19544984001
	0	85	5.74668600151
	0	86	1.96977156036
	0	87	7.01898140758
	0	88	5.50276294238
	0	89	6.56067831859
	0	90	4.4603138903
	0	91	5.82903079422
	0	92	5.00320897025
	0	93	5.46370753244
	0	94	5.84964956215
	0	95	6.24519014923
	0	96	1.30384048104
	0	97	6.40834612049
	0	98	6.37397834951
	0	99	4.41021541424
	1	0	3.44818792991
	1	1	0.0
	1	2	5.60446250768
	1	3	3.99260566548
	1	4	3.64724553602
	1	5	4.86786400796
	1	6	3.94893656571
	1	7	3.21720375482
	1	8	3.66196668472
	1	9	1.29077496102
	1	10	4.46542271235
	1	11	3.25576411922
	1	12	1.13265175584
	1	13	4.2201895692
	1	14	3.86943148279
	1	15	3.5
	1	16	3.63901085461
	1	17	4.03112887415
	1	18	2.10021427478
	1	19	4.28262769804
	1	20	4.7759815745
	1	21	2.86782147283
	1	22	3.92210402718
	1	23	5.26117857519
	1	24	4.80916832727
	1	25	4.25516157155
	1	26	3.51455544842
	1	27	1.39283882772
	1	28	3.96232255123
	1	29	0.80622577483
	1	30	4.09176001251
	1	31	2.8319604517
	1	32	2.12602916255
	1	33	5.9985414894
	1	34	3.77751240898
	1	35	0.67082039325
	1	36	2.78567765544
	1	37	2.15870331449
	1	38	3.90865705838
	1	39	2.26061938415
	1	40	3.36029760587
	1	41	2.90688837075
	1	42	5.26031367886
	1	43	3.77751240898
	1	44	4.38675278538
	1	45	2.34360832905
	1	46	3.43279769284
	1	47	1.83414830371
	1	48	3.91281228786
	1	49	3.19530906173
	1	50	3.79520750421
	1	51	4.03064510966
	1	52	4.30419562752
	1	53	2.19718001083
	1	54	3.94202993393
	1	55	4.96588360717
	1	56	3.70048645451
	1	57	5.0
	1	58	5.10008823453
	1	59	4.46860157096
	1	60	3.61564655352
	1	61	1.30384048104
	1	62	2.00159936051
	1	63	4.87914951605
	1	64	3.39206426826
	1	65	3.66400054585
	1	66	4.19761837236
	1	67	5.16082357769
	1	68	1.42
	1	69	3.69541607942
	1	70	4.0
	1	71	5.07906487456
	1	72	3.00166620396
	1	73	3.85778433819
	1	74	4.02616442784
	1	75	3.95379564469
	1	76	3.35411687334
	1	77	1.40089257261
	1	78	4.66154480832
	1	79	1.43178210633
	1	80	4.67680446459
	1	81	3.36005952328
	1	82	3.38904116233
	1	83	2.28405341444
	1	84	1.40356688476
	1	85	3.19724881734
	1	86	3.75366487582
	1	87	4.42832925605
	1	88	4.8479273922
	1	89	3.84219989069
	1	90	1.33281656652
	1	91	5.087592751
	1	92	3.57044815114
	1	93	4.67077081433
	1	94	3.12416388815
	1	95	3.45027535133
	1	96	2.78028775489
	1	97	5.95809533324
	1	98	3.688034707
	1	99	1.70293863659
	2	0	4.7539457296
	2	1	5.60446250768
	2	2	0.0
	2	3	5.32549528213
	2	4	3.45722432017
	2	5	2.38665037238
	2	6	5.63862571909
	2	7	5.26501661916
	2	8	5.58032257132
	2	9	5.58982110626
	2	10	3.64005494464
	2	11	3.32415402772
	2	12	4.65004301055
	2	13	1.39283882772
	2	14	5.78381362079
	2	15	5.42033209315
	2	16	5.31717970356
	2	17	5.11077293567
	2	18	4.90213218916
	2	19	3.33779867577
	2	20	3.22800247831
	2	21	5.43087469935
	2	22	3.78191750307
	2	23	0.728010988928
	2	24	6.00234120989
	2	25	5.9511679526
	2	26	5.55266602633
	2	27	4.2201895692
	2	28	3.04138126515
	2	29	6.35609943283
	2	30	5.89427688525
	2	31	3.32415402772
	2	32	4.00124980475
	2	33	3.65547534529
	2	34	5.69382121251
	2	35	5.7706152185
	2	36	2.84429253067
	2	37	5.93043000127
	2	38	3.75600851969
	2	39	3.78423043696
	2	40	5.15379471846
	2	41	5.0931326313
	2	42	4.66164134185
	2	43	5.69382121251
	2	44	3.32469547478
	2	45	5.35840461332
	2	46	5.4739473874
	2	47	5.98532371723
	2	48	5.36191197242
	2	49	4.55411901469
	2	50	5.35850725482
	2	51	5.7224208164
	2	52	3.09614276157
	2	53	4.53625396114
	2	54	3.32710084007
	2	55	1.08166538264
	2	56	2.30729278593
	2	57	0.60827625303
	2	58	1.55913437522
	2	59	2.48965861114
	2	60	3.38421335025
	2	61	4.37378554573
	2	62	3.74918657845
	2	63	2.89587637858
	2	64	5.55212571904
	2	65	5.6960424858
	2	66	1.43178210633
	2	67	2.309567059
	2	68	6.13892498732
	2	69	5.25129507836
	2	70	4.47772263545
	2	71	5.12609988198
	2	72	2.8
	2	73	5.17324849587
	2	74	1.58113883008
	2	75	5.86621683882
	2	76	4.41249362606
	2	77	4.28981351576
	2	78	4.5607017004
	2	79	4.17612260356
	2	80	3.96894192449
	2	81	2.74590604355
	2	82	5.30995291881
	2	83	4.92309861774
	2	84	5.50090901579
	2	85	4.98321181569
	2	86	2.78567765544
	2	87	5.69123009551
	2	88	2.26106169752
	2	89	5.64468776816
	2	90	6.92
	2	91	2.47256951368
	2	92	3.27232333366
	2	93	2.44460630777
	2	94	5.30003773571
	2	95	5.60663892185
	2	96	3.76563407675
	2	97	2.38304427151
	2	98	5.48922581062
	2	99	4.85489443758
	3	0	6.52908109921
	3	1	3.99260566548
	3	2	5.32549528213
	3	3	0.0
	3	4	1.88788241159
	3	5	3.12544396846
	3	6	0.349857113691
	3	7	0.787464284904
	3	8	0.500899191455
	3	9	2.79206017127
	3	10	6.73074290105
	3	11	5.44471303192
	3	12	3.14127362705
	3	13	4.30010464989
	3	14	0.54626001135
	3	15	0.550363516233
	3	16	0.366196668472
	3	17	0.238537208838
	3	18	1.90882162603
	3	19	2.05182845287
	3	20	2.37800336417
	3	21	1.19268604419
	3	22	1.54841854807
	3	23	4.6291359885
	3	24	0.902441133814
	3	25	0.626498204307
	3	26	0.61611687203
	3	27	3.76176820126
	3	28	5.93084311038
	3	29	4.62135261585
	3	30	0.58
	3	31	4.95529010251
	3	32	4.78298024248
	3	33	3.12640368475
	3	34	0.511957029447
	3	35	4.64617046609
	3	36	4.03
	3	37	5.99390523782
	3	38	1.57292720747
	3	39	2.54167267759
	3	40	0.632534584035
	3	41	1.08577161503
	3	42	1.7
	3	43	0.511957029447
	3	44	2.10021427478
	3	45	1.69008875507
	3	46	0.646219776856
	3	47	2.52539105883
	3	48	0.101980390272
	3	49	6.21376697342
	3	50	0.219317121995
	3	51	0.410365690574
	3	52	2.28219192883
	3	53	1.94239542833
	3	54	1.99972498109
	3	55	5.47054841858
	3	56	3.16715961076
	3	57	4.94620056205
	3	58	3.90512483795
	3	59	2.88140590684
	3	60	1.96977156036
	3	61	4.02031093325
	3	62	3.0103986447
	3	63	2.71447969232
	3	64	0.733757453114
	3	65	0.601331855135
	3	66	4.206530637
	3	67	3.35672459401
	3	68	3.05812033772
	3	69	0.297321374946
	3	70	0.87
	3	71	1.24723694621
	3	72	4.53
	3	73	0.18
	3	74	4.23448934347
	3	75	0.593632883186
	3	76	1.04479663093
	3	77	3.21253793752
	3	78	7.37352697154
	3	79	3.53961862352
	3	80	1.69068033643
	3	81	5.03099393758
	3	82	0.622012861603
	3	83	1.72046505341
	3	84	5.18795720877
	3	85	0.814923309275
	3	86	5.53361545466
	3	87	0.490306026885
	3	88	3.21908372056
	3	89	0.417612260356
	3	90	4.52133829745
	3	91	3.18246759606
	3	92	2.09847563722
	3	93	2.98804283771
	3	94	0.890224690738
	3	95	0.715891053164
	3	96	5.30687290219
	3	97	3.96610640301
	3	98	0.406078810085
	3	99	2.32699376879
	4	0	5.20618862509
	4	1	3.64724553602
	4	2	3.45722432017
	4	3	1.88788241159
	4	4	0.0
	4	5	1.49
	4	6	2.18680131699
	4	7	1.84390889146
	4	8	2.12424104094
	4	9	2.90291233075
	4	10	5.10003921554
	4	11	3.90875939398
	4	12	2.52833937595
	4	13	2.42330353031
	4	14	2.32699376879
	4	15	1.96987309236
	4	16	1.86010752377
	4	17	1.69008875507
	4	18	1.90591185525
	4	19	0.635688603013
	4	20	1.13507708989
	4	21	2.08892316757
	4	22	0.460977222865
	4	23	2.78107892732
	4	24	2.65858985178
	4	25	2.5134836383
	4	26	2.10354462753
	4	27	2.77892065378
	4	28	4.27766291332
	4	29	4.43355387923
	4	30	2.44476992783
	4	31	3.47252069828
	4	32	3.53926546052
	4	33	2.35136130784
	4	34	2.23660456943
	4	35	4.16850092959
	4	36	2.45405786403
	4	37	5.18713793917
	4	38	0.431740662898
	4	39	1.44222051019
	4	40	1.71125684805
	4	41	1.73908021667
	4	42	1.93238194982
	4	43	2.23660456943
	4	44	0.74
	4	45	2.19246436687
	4	46	2.03
	4	47	3.03659348613
	4	48	1.91470624379
	4	49	4.89411891968
	4	50	1.90378570223
	4	51	2.27378539005
	4	52	0.700071424927
	4	53	1.60112460477
	4	54	0.302654919008
	4	55	3.59254784241
	4	56	1.2952219887
	4	57	3.0591502088
	4	58	2.13403373919
	4	59	1.13648581161
	4	60	0.09
	4	61	3.06111090946
	4	62	1.87018715641
	4	63	1.30003846097
	4	64	2.11426110024
	4	65	2.2410934831
	4	66	2.32774569058
	4	67	1.78070210872
	4	68	3.40147027034
	4	69	1.79446370819
	4	70	1.09836241742
	4	71	2.08865985742
	4	72	2.93127958407
	4	73	1.72652830848
	4	74	2.37326778936
	4	75	2.41058084287
	4	76	0.968968523741
	4	77	2.36915596785
	4	78	5.84332097356
	4	79	2.5737909783
	4	80	1.16400171821
	4	81	3.39299277924
	4	82	1.86697616482
	4	83	1.82649938407
	4	84	4.43265157665
	4	85	1.56204993518
	4	86	3.86683332974
	4	87	2.29915201759
	4	88	1.53935051239
	4	89	2.18835554698
	4	90	4.65914155183
	4	91	1.64450600485
	4	92	0.23
	4	93	1.30387882873
	4	94	1.89620673978
	4	95	2.16416265562
	4	96	3.90901522125
	4	97	2.54756746721
	4	98	2.03214172734
	4	99	2.11149236324
	5	0	5.59750837427
	5	1	4.86786400796
	5	2	2.38665037238
	5	3	3.12544396846
	5	4	1.49
	5	5	0.0
	5	6	3.46554469023
	5	7	3.28086878738
	5	8	3.47650686753
	5	9	4.31675804279
	5	10	5.06261789986
	5	11	4.13087157873
	5	12	3.73919777492
	5	13	1.94064422293
	5	14	3.63917573085
	5	15	3.35411687334
	5	16	3.20781857342
	5	17	2.89276684162
	5	18	3.36535287897
	5	19	1.07628992377
	5	20	0.845044377533
	5	21	3.56439335652
	5	22	1.61604455384
	5	23	1.65894544817
	5	24	3.68917334914
	5	25	3.73134024179
	5	26	3.48803669705
	5	27	3.73712456308
	5	28	4.263109194
	5	29	5.67345573703
	5	30	3.70534748708
	5	31	3.8254542214
	5	32	4.16750524895
	5	33	1.56064089399
	5	34	3.56635668435
	5	35	5.29132308596
	5	36	2.84887697172
	5	37	6.04632946506
	5	38	1.59840545545
	5	39	2.61612308579
	5	40	3.12296333632
	5	41	3.21591355605
	5	42	2.27560980838
	5	43	3.56635668435
	5	44	1.02591422643
	5	45	3.68097813088
	5	46	3.42934396058
	5	47	4.50781543544
	5	48	3.18276609257
	5	49	5.31094153611
	5	50	3.20887830869
	5	51	3.53553390593
	5	52	0.860232526704
	5	53	3.03356226242
	5	54	1.22983738762
	5	55	2.92542304633
	5	56	1.33135269557
	5	57	2.21
	5	58	0.835703296631
	5	59	0.401123422403
	5	60	1.46164291125
	5	61	3.99626075225
	5	62	2.89359637821
	5	63	0.509901951359
	5	64	3.52278299076
	5	65	3.59827736563
	5	66	1.84772833501
	5	67	0.300665927567
	5	68	4.83860517091
	5	69	3.12409987036
	5	70	2.25568171514
	5	71	2.74838134181
	5	72	3.19
	5	73	3.00026665482
	5	74	2.02141039871
	5	75	3.70696641474
	5	76	2.4088171371
	5	77	3.48390585407
	5	78	5.92554638831
	5	79	3.57660453503
	5	80	1.60112460477
	5	81	3.50800513113
	5	82	3.27299556981
	5	83	3.30339219591
	5	84	5.37532324609
	5	85	3.00667590538
	5	86	3.8673117278
	5	87	3.4205262753
	5	88	0.13
	5	89	3.49794225224
	5	90	6.00440671507
	5	91	0.238537208838
	5	92	1.42772546381
	5	93	0.2
	5	94	3.34647575817
	5	95	3.56299031714
	5	96	4.3208911118
	5	97	1.10018180316
	5	98	3.37379608157
	5	99	3.51199373576
	6	0	6.63853146411
	6	1	3.94893656571
	6	2	5.63862571909
	6	3	0.349857113691
	6	4	2.18680131699
	6	5	3.46554469023
	6	6	0.0
	6	7	0.752396172239
	6	8	0.29
	6	9	2.70562377281
	6	10	6.91289375009
	6	11	5.61089119481
	6	12	3.17546846938
	6	13	4.57865700834
	6	14	0.203960780544
	6	15	0.456179789118
	6	16	0.39
	6	17	0.588302643203
	6	18	1.91509790872
	6	19	2.39006276068
	6	20	2.72618781451
	6	21	1.08577161503
	6	22	1.87445992222
	6	23	4.94874731624
	6	24	0.860232526704
	6	25	0.37
	6	26	0.438634243989
	6	27	3.8424080991
	6	28	6.12307929068
	6	29	4.53498621828
	6	30	0.26
	6	31	5.11391239659
	6	32	4.89347524772
	6	33	3.46606405019
	6	34	0.211896201004
	6	35	4.61260230239
	6	36	4.22067530142
	6	37	6.00300757954
	6	38	1.8976037521
	6	39	2.69185809433
	6	40	0.677421582178
	6	41	1.08632407688
	6	42	2.0080836636
	6	43	0.211896201004
	6	44	2.44182308941
	6	45	1.60860187741
	6	46	0.516139516023
	6	47	2.37200337268
	6	48	0.282842712475
	6	49	6.32487944549
	6	50	0.287923600978
	6	51	0.1
	6	52	2.61725046566
	6	53	2.01308221392
	6	54	2.32002155162
	6	55	5.74770388938
	6	56	3.44710023063
	6	57	5.24424446417
	6	58	4.23702725977
	6	59	3.21168180242
	6	60	2.26503863102
	6	61	4.09
	6	62	3.14434412875
	6	63	3.061045573
	6	64	0.565685424949
	6	65	0.331058907145
	6	66	4.48688087651
	6	67	3.70086476381
	6	68	2.91446393013
	6	69	0.412310562562
	6	70	1.21082616424
	6	71	1.50850919785
	6	72	4.71954446954
	6	73	0.468614980554
	6	74	4.50378729516
	6	75	0.244131112315
	6	76	1.28390030766
	6	77	3.28566583815
	6	78	7.52662607016
	6	79	3.62354798506
	6	80	2.04
	6	81	5.2253325253
	6	82	0.585234995536
	6	83	1.72812036618
	6	84	5.19731661533
	6	85	0.895600357302
	6	86	5.73184961422
	6	87	0.5
	6	88	3.55681036886
	6	89	0.116619037897
	6	90	4.37800182732
	6	91	3.52744950354
	6	92	2.3883885781
	6	93	3.32415402772
	6	94	0.832406150866
	6	95	0.518555686499
	6	96	5.44317003225
	6	97	4.31559961071
	6	98	0.269258240357
	6	99	2.33497323325
	7	0	5.90528576785
	7	1	3.21720375482
	7	2	5.26501661916
	7	3	0.787464284904
	7	4	1.84390889146
	7	5	3.28086878738
	7	6	0.752396172239
	7	7	0.0
	7	8	0.490306026885
	7	9	2.00471943174
	7	10	6.24006410223
	7	11	4.92406336271
	7	12	2.42332416321
	7	13	4.0988291011
	7	14	0.736817480792
	7	15	0.297321374946
	7	16	0.424264068712
	7	17	0.885663593019
	7	18	1.16297033496
	7	19	2.23161376587
	7	20	2.66390690528
	7	21	0.423792402008
	7	22	1.67705098312
	7	23	4.61111700133
	7	24	1.60377679245
	7	25	1.10163514831
	7	26	0.37
	7	27	3.10006451546
	7	28	5.46501601096
	7	29	3.83463166419
	7	30	0.951262319237
	7	31	4.421131077
	7	32	4.16346009948
	7	33	3.61896394014
	7	34	0.628012738724
	7	35	3.87613209269
	7	36	3.57077022504
	7	37	5.2530372167
	7	38	1.69068033643
	7	39	2.00997512422
	7	40	0.200997512422
	7	41	0.335261092285
	7	42	2.3558650216
	7	43	0.628012738724
	7	44	2.30902576859
	7	45	0.902718117687
	7	46	0.27
	7	47	1.75866426586
	7	48	0.700071424927
	7	49	5.59288834146
	7	50	0.58
	7	51	0.845044377533
	7	52	2.42365426577
	7	53	1.27577427471
	7	54	2.05805733642
	7	55	5.2530372167
	7	56	2.9902508256
	7	57	4.81730214954
	7	58	3.97619164528
	7	59	2.96438863849
	7	60	1.90370691021
	7	61	3.34341143146
	7	62	2.44
	7	63	2.95873283687
	7	64	0.306757233004
	7	65	0.55
	7	66	4.01327796197
	7	67	3.55005633758
	7	68	2.2825424421
	7	69	0.494064773081
	7	70	1.20598507453
	7	71	1.99060292374
	7	72	4.06452949307
	7	73	0.684762732631
	7	74	4.00004999969
	7	75	0.836002392341
	7	76	0.87800911157
	7	77	2.54183004939
	7	78	6.8229319211
	7	79	2.88312330642
	7	80	2.11728599863
	7	81	4.57388237715
	7	82	0.172046505341
	7	83	0.97575611707
	7	84	4.4470664488
	7	85	0.282842712475
	7	86	5.08334535518
	7	87	1.2124768039
	7	88	3.35046265462
	7	89	0.660984114786
	7	90	3.74213842609
	7	91	3.39063415897
	7	92	2.00122462507
	7	93	3.11192866242
	7	94	0.107703296143
	7	95	0.373630833845
	7	96	4.72952428897
	7	97	4.25042350831
	7	98	0.483321838944
	7	99	1.58316139417
	8	0	6.39531078213
	8	1	3.66196668472
	8	2	5.58032257132
	8	3	0.500899191455
	8	4	2.12424104094
	8	5	3.47650686753
	8	6	0.29
	8	7	0.490306026885
	8	8	0.0
	8	9	2.41580214422
	8	10	6.71192967782
	8	11	5.40092584656
	8	12	2.90738714312
	8	13	4.472135955
	8	14	0.25
	8	15	0.2
	8	16	0.269072480941
	8	17	0.707106781187
	8	18	1.64344151098
	8	19	2.40226976004
	8	20	2.77848879789
	8	21	0.79649231007
	8	22	1.86357183924
	8	23	4.9040799341
	8	24	1.14808536268
	8	25	0.613514466007
	8	26	0.148660687473
	8	27	3.5902646142
	8	28	5.93043000127
	8	29	4.24499705536
	8	30	0.460977222865
	8	31	4.9
	8	32	4.65295604965
	8	33	3.60173569269
	8	34	0.14
	8	35	4.32666153056
	8	36	4.03112887415
	8	37	5.72450871254
	8	38	1.88350736659
	8	39	2.48201531019
	8	40	0.470744091838
	8	41	0.824621125124
	8	42	2.20020453595
	8	43	0.14
	8	44	2.46446748812
	8	45	1.32003787824
	8	46	0.232594066992
	8	47	2.08664802974
	8	48	0.400124980475
	8	49	6.0827625303
	8	50	0.305941170816
	8	51	0.368917334914
	8	52	2.61841555144
	8	53	1.76567267635
	8	54	2.29120055866
	8	55	5.63648826842
	8	56	3.3471779158
	8	57	5.16236379966
	8	58	4.22148078285
	8	59	3.19662321834
	8	60	2.1961101976
	8	61	3.83275357935
	8	62	2.92171182699
	8	63	3.10098371489
	8	64	0.275862284483
	8	65	0.122065556157
	8	66	4.38292140016
	8	67	3.72613741024
	8	68	2.62800304414
	8	69	0.355105618091
	8	70	1.25299640861
	8	71	1.73979883895
	8	72	4.52769256907
	8	73	0.522015325446
	8	74	4.38634243989
	8	75	0.35
	8	76	1.1747765745
	8	77	3.03191358716
	8	78	7.30616178304
	8	79	3.37342555869
	8	80	2.13600093633
	8	81	5.03587132481
	8	82	0.34
	8	83	1.45838952273
	8	84	4.9193495505
	8	85	0.687313611098
	8	86	5.54436651025
	8	87	0.787464284904
	8	88	3.55983145668
	8	89	0.180277563773
	8	90	4.0922365523
	8	91	3.55718990216
	8	92	2.31043285988
	8	93	3.32356736053
	8	94	0.557135531087
	8	95	0.233238075794
	8	96	5.21536192416
	8	97	4.37594561209
	8	98	0.107703296143
	8	99	2.06155281281
	9	0	4.51775386669
	9	1	1.29077496102
	9	2	5.58982110626
	9	3	2.79206017127
	9	4	2.90291233075
	9	5	4.31675804279
	9	6	2.70562377281
	9	7	2.00471943174
	9	8	2.41580214422
	9	9	0.0
	9	10	5.28319032404
	9	11	3.97216565616
	9	12	1.09836241742
	9	13	4.21379876121
	9	14	2.60837113924
	9	15	2.26982378171
	9	16	2.42835335155
	9	17	2.86602512201
	9	18	1.03846039886
	9	19	3.51647550823
	9	20	4.02095759739
	9	21	1.62052460642
	9	22	3.05555232323
	9	23	5.10392985845
	9	24	3.56207804519
	9	25	2.99200601604
	9	26	2.26715680975
	9	27	1.86978608402
	9	28	4.64414685384
	9	29	1.83142021393
	9	30	2.82800282885
	9	31	3.47966952454
	9	32	2.93156954548
	9	33	5.18956645588
	9	34	2.52239965113
	9	35	1.96063765138
	9	36	3.03415556622
	9	37	3.43861890881
	9	38	3.05
	9	39	1.82726571686
	9	40	2.17082933461
	9	41	1.72629661414
	9	42	4.22203742286
	9	43	2.52239965113
	9	44	3.61896394014
	9	45	1.10344913793
	9	46	2.19317121995
	9	47	0.60827625303
	9	48	2.70414496653
	9	49	4.23274142844
	9	50	2.58311827062
	9	51	2.78107892732
	9	52	3.60199944475
	9	53	1.30188325129
	9	54	3.20451244341
	9	55	5.17919877973
	9	56	3.39365584584
	9	57	5.01977091111
	9	58	4.74400674536
	9	59	3.92149206298
	9	60	2.90027584895
	9	61	1.98295234436
	9	62	1.86603858481
	9	63	4.201713936
	9	64	2.14112120161
	9	65	2.40507796131
	9	66	4.16270344848
	9	67	4.61735855225
	9	68	0.550363516233
	9	69	2.49687805069
	9	70	2.95873283687
	9	71	3.95504740806
	9	72	3.41263827559
	9	73	2.67686383666
	9	74	4.04426754802
	9	75	2.68804761863
	9	76	2.34093998214
	9	77	1.45244621243
	9	78	5.64181708317
	9	79	1.74071824257
	9	80	3.75281227881
	9	81	3.87506128984
	9	82	2.17276321766
	9	83	1.18473625757
	9	84	2.65858985178
	9	85	2.04129860628
	9	86	4.34811453391
	9	87	3.19724881734
	9	88	4.33013856591
	9	89	2.59453271323
	9	90	1.80612845612
	9	91	4.50693909433
	9	92	2.90172362571
	9	93	4.11757210016
	9	94	1.90370691021
	9	95	2.19456145961
	9	96	3.59612291225
	9	97	5.41198669621
	9	98	2.454159734
	9	99	0.805046582503
	10	0	1.55241746963
	10	1	4.46542271235
	10	2	3.64005494464
	10	3	6.73074290105
	10	4	5.10003921554
	10	5	5.06261789986
	10	6	6.91289375009
	10	7	6.24006410223
	10	8	6.71192967782
	10	9	5.28319032404
	10	10	0.0
	10	11	1.33416640641
	10	12	4.20961993534
	10	13	3.1384709653
	10	14	6.96150127487
	10	15	6.51229606207
	10	16	6.52306676342
	10	17	6.60681466366
	10	18	5.26582377221
	10	19	5.44085471227
	10	20	5.66480361531
	10	21	6.14625088977
	10	22	5.56065643607
	10	23	3.96232255123
	10	24	7.61591097637
	10	25	7.28274673458
	10	26	6.60894091364
	10	27	3.41760149813
	10	28	0.824621125124
	10	29	4.88364617883
	10	30	7.15629093875
	10	31	1.84390889146
	10	32	2.37065391823
	10	33	6.62061175421
	10	34	6.85168592392
	10	35	4.17731971484
	10	36	2.70185121722
	10	37	3.4
	10	38	5.5311481629
	10	39	4.23065006825
	10	40	6.2472073761
	10	41	5.93043000127
	10	42	6.96655582049
	10	43	6.85168592392
	10	44	5.49796325924
	10	45	5.77602804702
	10	46	6.50923190553
	10	47	5.87793331027
	10	48	6.71
	10	49	1.56524758425
	10	50	6.64075296936
	10	51	7.01285248668
	10	52	5.25928702392
	10	53	5.00915162478
	10	54	5.20034614233
	10	55	2.56124969497
	10	56	3.94684684273
	10	57	3.25269119346
	10	58	4.54674608924
	10	59	4.86625112381
	10	60	5.01147682824
	10	61	3.31058907145
	10	62	3.8129253861
	10	63	5.47175474597
	10	64	6.53759129955
	10	65	6.7884387012
	10	66	3.22490309932
	10	67	5.18845834521
	10	68	5.69775394344
	10	69	6.51076800385
	10	70	6.1400325732
	10	71	7.188525579
	10	72	2.20227155455
	10	73	6.5507633143
	10	74	3.04138126515
	10	75	7.06133840005
	10	76	5.6935138535
	10	77	3.90800460593
	10	78	0.921954445729
	10	79	3.57351367704
	10	80	6.16137160054
	10	81	1.71172427686
	10	82	6.37256620209
	10	83	5.40545095251
	10	84	3.47131099154
	10	85	6.02747044787
	10	86	1.23693168769
	10	87	7.2127733917
	10	88	4.94716080191
	10	89	6.85656619599
	10	90	5.65759666289
	10	91	5.27063563529
	10	92	4.87381780538
	10	93	4.9749472359
	10	94	6.20905789955
	10	95	6.60729899429
	10	96	1.7
	10	97	5.66400035311
	10	98	6.66675333277
	10	99	4.94772675074
	11	0	1.5
	11	1	3.25576411922
	11	2	3.32415402772
	11	3	5.44471303192
	11	4	3.90875939398
	11	5	4.13087157873
	11	6	5.61089119481
	11	7	4.92406336271
	11	8	5.40092584656
	11	9	3.97216565616
	11	10	1.33416640641
	11	11	0.0
	11	12	2.88771535993
	11	13	2.36008474424
	11	14	5.65088488646
	11	15	5.20096144958
	11	16	5.22095776654
	11	17	5.33385414124
	11	18	3.93279798617
	11	19	4.32260338222
	11	20	4.61410879802
	11	21	4.81750973014
	11	22	4.3679400179
	11	23	3.4
	11	24	6.33846195855
	11	25	5.98083606196
	11	26	5.29377936828
	11	27	2.10237960416
	11	28	0.707106781187
	11	29	3.78021163429
	11	30	5.85
	11	31	0.509901951359
	11	32	1.1313708499
	11	33	5.68000880281
	11	34	5.54090245357
	11	35	3.08058436015
	11	36	1.45602197786
	11	37	2.71661554144
	11	38	4.3393087007
	11	39	2.92
	11	40	4.94
	11	41	4.60977222865
	11	42	5.8219326688
	11	43	5.54090245357
	11	44	4.3922203952
	11	45	4.44212786849
	11	46	5.19385213498
	11	47	4.56027411457
	11	48	5.41831154512
	11	49	1.25299640861
	11	50	5.34374400584
	11	51	5.71087558961
	11	52	4.16822504191
	11	53	3.68179304144
	11	54	4.04816007589
	11	55	2.31948270095
	11	56	2.88124972885
	11	57	2.78567765544
	11	58	3.78350366724
	11	59	3.86683332974
	11	60	3.82320546139
	11	61	2.02484567313
	11	62	2.48805144641
	11	63	4.47371210518
	11	64	5.21863008844
	11	65	5.47365508595
	11	66	2.42074368738
	11	67	4.31115993672
	11	68	4.40821959526
	11	69	5.21383735841
	11	70	4.90306026885
	11	71	5.98772911879
	11	72	0.98488578018
	11	73	5.26521604495
	11	74	2.20227155455
	11	75	5.75086949948
	11	76	4.41838205682
	11	77	2.57730479377
	11	78	1.94164878389
	11	79	2.24722050542
	11	80	5.02319619366
	11	81	0.640312423743
	11	82	5.06098804583
	11	83	4.07442020415
	11	84	2.5079872408
	11	85	4.72
	11	86	0.60827625303
	11	87	5.9311128804
	11	88	4.03068232437
	11	89	5.55
	11	90	4.52110605936
	11	91	4.3583941997
	11	92	3.69054196562
	11	93	4.00800449102
	11	94	4.88921261554
	11	95	5.28851585986
	11	96	0.538516480713
	11	97	4.91150689707
	11	98	5.36
	11	99	3.61386219992
	12	0	3.5714002856
	12	1	1.13265175584
	12	2	4.65004301055
	12	3	3.14127362705
	12	4	2.52833937595
	12	5	3.73919777492
	12	6	3.17546846938
	12	7	2.42332416321
	12	8	2.90738714312
	12	9	1.09836241742
	12	10	4.20961993534
	12	11	2.88771535993
	12	12	0.0
	12	13	3.2577446186
	12	14	3.14331035693
	12	15	2.72045952001
	12	16	2.81824413421
	12	17	3.13159703666
	12	18	1.26491106407
	12	19	3.16189816408
	12	20	3.65087660706
	12	21	2.16843261366
	12	22	2.83019433962
	12	23	4.23732226766
	12	24	4.01741210234
	12	25	3.52080956599
	12	26	2.77027074489
	12	27	0.795550124128
	12	28	3.55090129404
	12	29	1.93569109106
	12	30	3.36487741233
	12	31	2.38933045015
	12	32	1.89391129676
	12	33	4.87692526086
	12	34	3.03922687537
	12	35	1.64830215677
	12	36	1.96542616244
	12	37	2.85952793307
	12	38	2.81440935189
	12	39	1.12805141727
	12	40	2.52247893946
	12	41	2.0892343095
	12	42	4.22582536317
	12	43	3.03922687537
	12	44	3.26559336109
	12	45	1.6918628786
	12	46	2.67589237452
	12	47	1.67343957166
	12	48	3.07694653837
	12	49	3.27
	12	50	2.96966328058
	12	51	3.26827171453
	12	52	3.17515353959
	12	53	1.2124768039
	12	54	2.81923748556
	12	55	4.14450238268
	12	56	2.60846698273
	12	57	4.059421141
	12	58	4.00719353164
	12	59	3.3391765452
	12	60	2.49230816714
	12	61	0.97
	12	62	0.919836942072
	12	63	3.74721229716
	12	64	2.6630058205
	12	65	2.94108823397
	12	66	3.22007763882
	12	67	4.03365838911
	12	68	1.59138304628
	12	69	2.85334890961
	12	70	2.9911369076
	12	71	4.11096095822
	12	72	2.32010775612
	12	73	2.98435922771
	12	74	3.07455687864
	12	75	3.23827114368
	12	76	2.3491274976
	12	77	0.372021504755
	12	78	4.62329968745
	12	79	0.644127316608
	12	80	3.59449579218
	12	81	2.77721083103
	12	82	2.59077208569
	12	83	1.44899965493
	12	84	2.05642894358
	12	85	2.32647802483
	12	86	3.25006153788
	12	87	3.61353012994
	12	88	3.72264690778
	12	89	3.08292069311
	12	90	2.3207972768
	12	91	3.9571328004
	12	92	2.44180261283
	12	93	3.54141214772
	12	94	2.35034040088
	12	95	2.72985347592
	12	96	2.54183004939
	12	97	4.83255625937
	12	98	2.90621747294
	12	99	0.85375640554
	13	0	3.86005181312
	13	1	4.2201895692
	13	2	1.39283882772
	13	3	4.30010464989
	13	4	2.42330353031
	13	5	1.94064422293
	13	6	4.57865700834
	13	7	4.0988291011
	13	8	4.472135955
	13	9	4.21379876121
	13	10	3.1384709653
	13	11	2.36008474424
	13	12	3.2577446186
	13	13	0.0
	13	14	4.69707355701
	13	15	4.29418211072
	13	16	4.22284264448
	13	17	4.11096095822
	13	18	3.58620969827
	13	19	2.53197551331
	13	20	2.63058928759
	13	21	4.20409324349
	13	22	2.83423711076
	13	23	1.11803398875
	13	24	5.07918300517
	13	25	4.92101615523
	13	26	4.42064474936
	13	27	2.84429253067
	13	28	2.36008474424
	13	29	4.98196748283
	13	30	4.83864650496
	13	31	2.19317121995
	13	32	2.76586333719
	13	33	3.48891100488
	13	34	4.597782074
	13	35	4.41814440687
	13	36	1.5
	13	37	4.72969343615
	13	38	2.8049242414
	13	39	2.43318721022
	13	40	4.01766101109
	13	41	3.88329756779
	13	42	4.03495972718
	13	43	4.597782074
	13	44	2.56
	13	45	4.06724722632
	13	46	4.33290895358
	13	47	4.63401553731
	13	48	4.31741821
	13	49	3.60555127546
	13	50	4.29110708326
	13	51	4.67077081433
	13	52	2.31
	13	53	3.22453097365
	13	54	2.39365828806
	13	55	1.17046999107
	13	56	1.13296072306
	13	57	0.80622577483
	13	58	1.43558350506
	13	59	1.80510387513
	13	60	2.33728474945
	13	61	3.01496268634
	13	62	2.3614402385
	13	63	2.38665037238
	13	64	4.39955679586
	13	65	4.57983624161
	13	66	0.1
	13	67	2.05039020677
	13	68	4.76092428001
	13	69	4.17206184039
	13	70	3.51710107901
	13	71	4.38028537883
	13	72	1.58113883008
	13	73	4.13188818823
	13	74	0.2
	13	75	4.78774477181
	13	76	3.30152994837
	13	77	2.89698118737
	13	78	4.02243707222
	13	79	2.7892651362
	13	80	3.25
	13	81	1.72046505341
	13	82	4.17080327995
	13	83	3.6286223281
	13	84	4.21900462195
	13	85	3.82523201911
	13	86	1.98494332413
	13	87	4.72229816932
	13	88	1.82
	13	89	4.56426335787
	13	90	5.53049726517
	13	91	2.13859767137
	13	92	2.20410979763
	13	93	1.8777912557
	13	94	4.11708634838
	13	95	4.4603138903
	13	96	2.683281573
	13	97	2.56688527208
	13	98	4.3922203952
	13	99	3.5
	14	0	6.64172417374
	14	1	3.86943148279
	14	2	5.78381362079
	14	3	0.54626001135
	14	4	2.32699376879
	14	5	3.63917573085
	14	6	0.203960780544
	14	7	0.736817480792
	14	8	0.25
	14	9	2.60837113924
	14	10	6.96150127487
	14	11	5.65088488646
	14	12	3.14331035693
	14	13	4.69707355701
	14	14	0.0
	14	15	0.45
	14	16	0.474236228055
	14	17	0.782623792125
	14	18	1.87840357751
	14	19	2.56288899486
	14	20	2.91247317584
	14	21	1.00344406919
	14	22	2.03725305252
	14	23	5.10024509215
	14	24	0.962081077664
	14	25	0.385875627631
	14	26	0.373630833845
	14	27	3.83438391401
	14	28	6.17919897721
	14	29	4.43085770478
	14	30	0.22360679775
	14	31	5.15
	14	32	4.9002550954
	14	33	3.66878726557
	14	34	0.11
	14	35	4.53679402221
	14	36	4.27931069216
	14	37	5.9483190903
	14	38	2.0591503102
	14	39	2.73183088788
	14	40	0.71700767081
	14	41	1.06887791632
	14	42	2.21097263665
	14	43	0.11
	14	44	2.61841555144
	14	45	1.52643375225
	14	46	0.470744091838
	14	47	2.24089267927
	14	48	0.466476151588
	14	49	6.32949445059
	14	50	0.431393092202
	14	51	0.208806130178
	14	52	2.78632374286
	14	53	2.0124860248
	14	54	2.47630773532
	14	55	5.86365926704
	14	56	3.56876729418
	14	57	5.37703449868
	14	58	4.40095444194
	14	59	3.37504074049
	14	60	2.40216568954
	14	61	4.07461654638
	14	62	3.17157689486
	14	63	3.24400986435
	14	64	0.483321838944
	14	65	0.20591260282
	14	66	4.6067884692
	14	67	3.87963915848
	14	68	2.78548020995
	14	69	0.532541078228
	14	70	1.39014387745
	14	71	1.70423003142
	14	72	4.77624329364
	14	73	0.640312423743
	14	74	4.61546314036
	14	75	0.1
	14	76	1.39556440195
	14	77	3.27566787083
	14	78	7.55595791412
	14	79	3.61835598028
	14	80	2.2360679775
	14	81	5.28417448614
	14	82	0.59
	14	83	1.6954055562
	14	84	5.14417145904
	14	85	0.935360892918
	14	86	5.79245198513
	14	87	0.653911308971
	14	88	3.72758635044
	14	89	0.141421356237
	14	90	4.2448674891
	14	91	3.70757333036
	14	92	2.52103153491
	14	93	3.4933651398
	14	94	0.795550124128
	14	95	0.420594816896
	14	96	5.46465918425
	14	97	4.50515260563
	14	98	0.306757233004
	14	99	2.29401394939
	15	0	6.19838688692
	15	1	3.5
	15	2	5.42033209315
	15	3	0.550363516233
	15	4	1.96987309236
	15	5	3.35411687334
	15	6	0.456179789118
	15	7	0.297321374946
	15	8	0.2
	15	9	2.26982378171
	15	10	6.51229606207
	15	11	5.20096144958
	15	12	2.72045952001
	15	13	4.29418211072
	15	14	0.45
	15	15	0.0
	15	16	0.200997512422
	15	17	0.707106781187
	15	18	1.45907504947
	15	19	2.2853664914
	15	20	2.683281573
	15	21	0.652993108693
	15	22	1.73807364631
	15	23	4.75078940809
	15	24	1.31228807813
	15	25	0.805232885568
	15	26	0.134536240471
	15	27	3.39558536927
	15	28	5.73149195236
	15	29	4.10121933088
	15	30	0.657647321898
	15	31	4.7
	15	32	4.45533388199
	15	33	3.55984550227
	15	34	0.34
	15	35	4.16173040934
	15	36	3.83275357935
	15	37	5.54707129934
	15	38	1.75601822314
	15	39	2.28219192883
	15	40	0.278567765544
	15	41	0.632455532034
	15	42	2.21199005423
	15	43	0.34
	15	44	2.35321057281
	15	45	1.16726175299
	15	46	0.100498756211
	15	47	1.97739727925
	15	48	0.451774279923
	15	49	5.88557558782
	15	50	0.331058907145
	15	51	0.547813836992
	15	52	2.49401283076
	15	53	1.5689486926
	15	54	2.15257984753
	15	55	5.45618914628
	15	56	3.1729481559
	15	57	4.99299509313
	15	58	4.08324625757
	15	59	3.06111090946
	15	60	2.03835718165
	15	61	3.64005494464
	15	62	2.72183761455
	15	63	2.99668149792
	15	64	0.200249843945
	15	65	0.287923600978
	15	66	4.20594816896
	15	67	3.61110786325
	15	68	2.51284699096
	15	69	0.300166620396
	15	70	1.17046999107
	15	71	1.79301422192
	15	72	4.32897216438
	15	73	0.502493781056
	15	74	4.20475920833
	15	75	0.55
	15	76	1.00801785698
	15	77	2.83769272473
	15	78	7.10633520178
	15	79	3.17804971641
	15	80	2.07424685127
	15	81	4.83735464898
	15	82	0.14
	15	83	1.27236001195
	15	84	4.74130783645
	15	85	0.490306026885
	15	86	5.34602656185
	15	87	0.929569792969
	15	88	3.4328413887
	15	89	0.364005494464
	15	90	3.9772352206
	15	91	3.44522858458
	15	92	2.14804562335
	15	93	3.19532470963
	15	94	0.377359245282
	15	95	0.215406592285
	15	96	5.01597448159
	15	97	4.28029204611
	15	98	0.188679622641
	15	99	1.87882942281
	16	0	6.2565485693
	16	1	3.63901085461
	16	2	5.31717970356
	16	3	0.366196668472
	16	4	1.86010752377
	16	5	3.20781857342
	16	6	0.39
	16	7	0.424264068712
	16	8	0.269072480941
	16	9	2.42835335155
	16	10	6.52306676342
	16	11	5.22095776654
	16	12	2.81824413421
	16	13	4.22284264448
	16	14	0.474236228055
	16	15	0.200997512422
	16	16	0.0
	16	17	0.506359556047
	16	18	1.56923548265
	16	19	2.13403373919
	16	20	2.51563113353
	16	21	0.826801064344
	16	22	1.59452187191
	16	23	4.63836177977
	16	24	1.19920807202
	16	25	0.76
	16	26	0.308058436015
	16	27	3.46733326924
	16	28	5.73396895701
	16	29	4.25868524312
	16	30	0.637887137353
	16	31	4.72423538787
	16	32	4.51069839382
	16	33	3.36732831782
	16	34	0.377359245282
	16	35	4.2960912467
	16	36	3.83176199678
	16	37	5.66095398321
	16	38	1.61443488565
	16	39	2.30217288664
	16	40	0.297321374946
	16	41	0.737834669828
	16	42	2.01099477871
	16	43	0.377359245282
	16	44	2.19718001083
	16	45	1.32548104475
	16	46	0.301496268634
	16	47	2.16122650363
	16	48	0.275862284483
	16	49	5.94242374793
	16	50	0.156204993518
	16	51	0.49
	16	52	2.34948930621
	16	53	1.63816971038
	16	54	2.02277037748
	16	55	5.3894712171
	16	56	3.09476978142
	16	57	4.90493628909
	16	58	3.95273323158
	16	59	2.9277294957
	16	60	1.93341666487
	16	61	3.71892457573
	16	62	2.7563744303
	16	63	2.83550700934
	16	64	0.400124980475
	16	65	0.390512483795
	16	66	4.13260208585
	16	67	3.45845341157
	16	68	2.69258240357
	16	69	0.100498756211
	16	70	0.993176721435
	16	71	1.59765453087
	16	72	4.33040413818
	16	73	0.301496268634
	16	74	4.14154560521
	16	75	0.566480361531
	16	76	0.921357693841
	16	77	2.91254184519
	16	78	7.13753458836
	16	79	3.24721419066
	16	80	1.88809427731
	16	81	4.83656903187
	16	82	0.256124969497
	16	83	1.38061580463
	16	84	4.85472965262
	16	85	0.509901951359
	16	86	5.34344458192
	16	87	0.797558775264
	16	88	3.29083576011
	16	89	0.344818792991
	16	90	4.1554301823
	16	91	3.29004559239
	16	92	2.05009755865
	16	93	3.05452123908
	16	94	0.524976189936
	16	95	0.404474968323
	16	96	5.05572942314
	16	97	4.11340491564
	16	98	0.172046505341
	16	99	1.98957281847
	17	0	6.45600495663
	17	1	4.03112887415
	17	2	5.11077293567
	17	3	0.238537208838
	17	4	1.69008875507
	17	5	2.89276684162
	17	6	0.588302643203
	17	7	0.885663593019
	17	8	0.707106781187
	17	9	2.86602512201
	17	10	6.60681466366
	17	11	5.33385414124
	17	12	3.13159703666
	17	13	4.11096095822
	17	14	0.782623792125
	17	15	0.707106781187
	17	16	0.506359556047
	17	17	0.0
	17	18	1.93258893715
	17	19	1.82123584415
	17	20	2.1400934559
	17	21	1.30782261794
	17	22	1.32924790765
	17	23	4.41021541424
	17	24	1.01
	17	25	0.84403791384
	17	26	0.800062497559
	17	27	3.71618083521
	17	28	5.80086200491
	17	29	4.68614980554
	17	30	0.813941029805
	17	31	4.85077313425
	17	32	4.71274866718
	17	33	2.89870660813
	17	34	0.74
	17	35	4.67546789102
	17	36	3.90512483795
	17	37	5.9908263203
	17	38	1.35484316436
	17	39	2.45446531856
	17	40	0.699714227381
	17	41	1.1401754251
	17	42	1.50562279473
	17	43	0.74
	17	44	1.86697616482
	17	45	1.77552809046
	17	46	0.807527089329
	17	47	2.64425792993
	17	48	0.319530906173
	17	49	6.1400325732
	17	50	0.401995024845
	17	51	0.646606526413
	17	52	2.05380135359
	17	53	1.92083315257
	17	54	1.78370401132
	17	55	5.2810983706
	17	56	2.97919452201
	17	57	4.74236228055
	17	58	3.67789341879
	17	59	2.65601204817
	17	60	1.77451401798
	17	61	3.98120584748
	17	62	2.93127958407
	17	63	2.47751892021
	17	64	0.904488805901
	17	65	0.817863069224
	17	66	4.0162171256
	17	67	3.12123373043
	17	68	3.16708067469
	17	69	0.41
	17	70	0.640312423743
	17	71	1.10494343747
	17	72	4.40454310911
	17	73	0.206155281281
	17	74	4.05215991787
	17	75	0.832165848855
	17	76	0.915478017213
	17	77	3.17529526186
	17	78	7.26911273815
	17	79	3.49284983931
	17	80	1.45344418537
	17	81	4.90102030194
	17	82	0.74
	17	83	1.74725498998
	17	84	5.18652099196
	17	85	0.834505841801
	17	86	5.4
	17	87	0.618142378421
	17	88	2.98804283771
	17	89	0.65
	17	90	4.62411072532
	17	91	2.94645549771
	17	92	1.9068560512
	17	93	2.7582784486
	17	94	0.993176721435
	17	95	0.900222194794
	17	96	5.2172789843
	17	97	3.72758635044
	17	98	0.602992537267
	17	99	2.34307490277
	18	0	4.79613385968
	18	1	2.10021427478
	18	2	4.90213218916
	18	3	1.90882162603
	18	4	1.90591185525
	18	5	3.36535287897
	18	6	1.91509790872
	18	7	1.16297033496
	18	8	1.64344151098
	18	9	1.03846039886
	18	10	5.26582377221
	18	11	3.93279798617
	18	12	1.26491106407
	18	13	3.58620969827
	18	14	1.87840357751
	18	15	1.45907504947
	18	16	1.56923548265
	18	17	1.93258893715
	18	18	0.0
	18	19	2.50071989635
	18	20	3.00281534564
	18	21	0.915478017213
	18	22	2.02237484162
	18	23	4.34084093235
	18	24	2.76470613267
	18	25	2.25656819086
	18	26	1.50545674132
	18	27	1.9801262586
	18	28	4.53176566031
	18	29	2.78476210833
	18	30	2.10009523594
	18	31	3.42299576395
	18	32	3.07162823271
	18	33	4.1560076997
	18	34	1.77451401798
	18	35	2.74315511774
	18	36	2.70386760031
	18	37	4.09205327434
	18	38	2.01814271051
	18	39	1.18004237212
	18	40	1.27863208156
	18	41	0.832406150866
	18	42	3.20524570041
	18	43	1.77451401798
	18	44	2.60155722597
	18	45	0.52
	18	46	1.41152399909
	18	47	1.14560027933
	18	48	1.83619171112
	18	49	4.48786140606
	18	50	1.72362989067
	18	51	2.00638979264
	18	52	2.60491842483
	18	53	0.366196668472
	18	54	2.2027482834
	18	55	4.6631427171
	18	56	2.61306333639
	18	57	4.37343114728
	18	58	3.87731866114
	18	59	2.98095622242
	18	60	1.91509790872
	18	61	2.20655840621
	18	62	1.47719328458
	18	63	3.20399750312
	18	64	1.39842768851
	18	65	1.67630546142
	18	66	3.51808186374
	18	67	3.66365937281
	18	68	1.50083310198
	18	69	1.61418710192
	18	70	1.93775643464
	18	71	2.98328677804
	18	72	3.16715961076
	18	73	1.76476627348
	18	74	3.44396573734
	18	75	1.97342342137
	18	76	1.30782261794
	18	77	1.42351677194
	18	78	5.77779369656
	18	79	1.77282260816
	18	80	2.71447969232
	18	81	3.6716345134
	18	82	1.33270401815
	18	83	0.188679622641
	18	84	3.2858636612
	18	85	1.10113577728
	18	86	4.17742743803
	18	87	2.3667699508
	18	88	3.3932432863
	18	89	1.82
	18	90	2.84290344542
	18	91	3.53990112856
	18	92	1.93762741517
	18	93	3.16947945253
	18	94	1.08632407688
	18	95	1.46563979204
	18	96	3.67544555122
	18	97	4.44630183411
	18	98	1.64623813587
	18	99	0.420594816896
	19	0	5.68585085981
	19	1	4.28262769804
	19	2	3.33779867577
	19	3	2.05182845287
	19	4	0.635688603013
	19	5	1.07628992377
	19	6	2.39006276068
	19	7	2.23161376587
	19	8	2.40226976004
	19	9	3.51647550823
	19	10	5.44085471227
	19	11	4.32260338222
	19	12	3.16189816408
	19	13	2.53197551331
	19	14	2.56288899486
	19	15	2.2853664914
	19	16	2.13403373919
	19	17	1.82123584415
	19	18	2.50071989635
	19	19	0.0
	19	20	0.504876222455
	19	21	2.54607541129
	19	22	0.554616984954
	19	23	2.62085863793
	19	24	2.66540803631
	19	25	2.66317479712
	19	26	2.41859463325
	19	27	3.37800236826
	19	28	4.61680625541
	19	29	5.06921098397
	19	30	2.63180546394
	19	31	3.92108403378
	19	32	4.06901708033
	19	33	1.7159254063
	19	34	2.49040157404
	19	35	4.79863522264
	19	36	2.89152209053
	19	37	5.78160012453
	19	38	0.542309874518
	19	39	2.06400096899
	19	40	2.06400096899
	19	41	2.20429126932
	19	42	1.52970585408
	19	43	2.49040157404
	19	44	0.104403065089
	19	45	2.73247140882
	19	46	2.3638104831
	19	47	3.60937667749
	19	48	2.10722566423
	19	49	5.37874520683
	19	50	2.1326274874
	19	51	2.46138172578
	19	52	0.241660919472
	19	53	2.21650625986
	19	54	0.344818792991
	19	55	3.66427346141
	19	56	1.50029997001
	19	57	3.03725204749
	19	58	1.86010752377
	19	59	0.85
	19	60	0.67082039325
	19	61	3.65826461591
	19	62	2.47032386541
	19	63	0.733757453114
	19	64	2.45934950749
	19	65	2.52420284446
	19	66	2.43205674276
	19	67	1.32574507353
	19	68	4.00151221415
	19	69	2.04899975598
	19	70	1.18190524155
	19	71	1.8508376482
	19	72	3.33779867577
	19	73	1.92416215533
	19	74	2.53197551331
	19	75	2.6310454196
	19	76	1.37898513408
	19	77	2.99172191221
	19	78	6.23128397684
	19	79	3.17944963791
	19	80	0.726911273815
	19	81	3.76176820126
	19	82	2.2106333934
	19	83	2.40208242989
	19	84	5.03933527362
	19	85	1.96573141604
	19	86	4.20486622855
	19	87	2.36862829503
	19	88	1.16726175299
	19	89	2.42165232847
	19	90	5.28606659058
	19	91	1.16107708616
	19	92	0.74404300951
	19	93	0.937229961109
	19	94	2.30488611432
	19	95	2.49649754656
	19	96	4.38211136326
	19	97	2.02484567313
	19	98	2.298891037
	19	99	2.73402633491
	20	0	6.02162768693
	20	1	4.7759815745
	20	2	3.22800247831
	20	3	2.37800336417
	20	4	1.13507708989
	20	5	0.845044377533
	20	6	2.72618781451
	20	7	2.66390690528
	20	8	2.77848879789
	20	9	4.02095759739
	20	10	5.66480361531
